2 272.7617
2.1 266.9348
2.2 261.1079
2.3 255.281
2.4 249.4541
2.5 243.6272
2.6 237.8003
2.7 231.9734
2.8 226.1465
2.9 220.3196
3 214.4927
3.1 212.52927
3.2 210.56584
3.3 208.60241
3.4 206.63898
3.5 204.67555
3.6 202.71212
3.7 200.74869
3.8 198.78526
3.9 196.82183
4 194.8584
4.1 193.52084
4.2 192.18328
4.3 190.84572
4.4 189.50816
4.5 188.1706
4.6 186.83304
4.7 185.49548
4.8 184.15792
4.9 182.82036
5 181.4828
5.1 180.56088
5.2 179.63896
5.3 178.71704
5.4 177.79512
5.5 176.8732
5.6 175.95128
5.7 175.02936
5.8 174.10744
5.9 173.18552
6 172.2636
6.1 171.60244
6.2 170.94128
6.3 170.28012
6.4 169.61896
6.5 168.9578
6.6 168.29664
6.7 167.63548
6.8 166.97432
6.9 166.31316
7 165.652
7.1 165.15628
7.2 164.66056
7.3 164.16484
7.4 163.66912
7.5 163.1734
7.6 162.67768
7.7 162.18196
7.8 161.68624
7.9 161.19052
8 160.6948
8.1 160.30905
8.2 159.9233
8.3 159.53755
8.4 159.1518
8.5 158.76605
8.6 158.3803
8.7 157.99455
8.8 157.6088
8.9 157.22305
9 156.8373
9.1 156.52621
9.2 156.21512
9.3 155.90403
9.4 155.59294
9.5 155.28185
9.6 154.97076
9.7 154.65967
9.8 154.34858
9.9 154.03749
10 153.7264
10.1 153.46704
10.2 153.20768
10.3 152.94832
10.4 152.68896
10.5 152.4296
10.6 152.17024
10.7 151.91088
10.8 151.65152
10.9 151.39216
11 151.1328
11.1 150.9087
11.2 150.6846
11.3 150.4605
11.4 150.2364
11.5 150.0123
11.6 149.7882
11.7 149.5641
11.8 149.34
11.9 149.1159
12 148.8918
12.1 148.69115
12.2 148.4905
12.3 148.28985
12.4 148.0892
12.5 147.88855
12.6 147.6879
12.7 147.48725
12.8 147.2866
12.9 147.08595
13 146.8853
13.1 146.69868
13.2 146.51206
13.3 146.32544
13.4 146.13882
13.5 145.9522
13.6 145.76558
13.7 145.57896
13.8 145.39234
13.9 145.20572
14 145.0191
14.1 144.84042
14.2 144.66174
14.3 144.48306
14.4 144.30438
14.5 144.1257
14.6 143.94702
14.7 143.76834
14.8 143.58966
14.9 143.41098
15 143.2323
15.1 143.05636
15.2 142.88042
15.3 142.70448
15.4 142.52854
15.5 142.3526
15.6 142.17666
15.7 142.00072
15.8 141.82478
15.9 141.64884
16 141.4729
16.1 141.29629
16.2 141.11968
16.3 140.94307
16.4 140.76646
16.5 140.58985
16.6 140.41324
16.7 140.23663
16.8 140.06002
16.9 139.88341
17 139.7068
17.1 139.5274
17.2 139.348
17.3 139.1686
17.4 138.9892
17.5 138.8098
17.6 138.6304
17.7 138.451
17.8 138.2716
17.9 138.0922
18 137.9128
18.1 137.72985
18.2 137.5469
18.3 137.36395
18.4 137.181
18.5 136.99805
18.6 136.8151
18.7 136.63215
18.8 136.4492
18.9 136.26625
19 136.0833
19.1 135.89811
19.2 135.71292
19.3 135.52773
19.4 135.34254
19.5 135.15735
19.6 134.97216
19.7 134.78697
19.8 134.60178
19.9 134.41659
20 134.2314
20.1 134.04844
20.2 133.86548
20.3 133.68252
20.4 133.49956
20.5 133.3166
20.6 133.13364
20.7 132.95068
20.8 132.76772
20.9 132.58476
21 132.4018
21.1 132.23299
21.2 132.06418
21.3 131.89537
21.4 131.72656
21.5 131.55775
21.6 131.38894
21.7 131.22013
21.8 131.05132
21.9 130.88251
22 130.7137
22.1 130.58362
22.2 130.45354
22.3 130.32346
22.4 130.19338
22.5 130.0633
22.6 129.93322
22.7 129.80314
22.8 129.67306
22.9 129.54298
23 129.4129
23.1 129.35665
23.2 129.3004
23.3 129.24415
23.4 129.1879
23.5 129.13165
23.6 129.0754
23.7 129.01915
23.8 128.9629
23.9 128.90665
24 128.8504
24.1 128.88154
24.2 128.91268
24.3 128.94382
24.4 128.97496
24.5 129.0061
24.6 129.03724
24.7 129.06838
24.8 129.09952
24.9 129.13066
25 129.1618
25.1 129.25039
25.2 129.33898
25.3 129.42757
25.4 129.51616
25.5 129.60475
25.6 129.69334
25.7 129.78193
25.8 129.87052
25.9 129.95911
26 130.0477
26.1 130.1565
26.2 130.2653
26.3 130.3741
26.4 130.4829
26.5 130.5917
26.6 130.7005
26.7 130.8093
26.8 130.9181
26.9 131.0269
27 131.1357
27.1 131.24407
27.2 131.35244
27.3 131.46081
27.4 131.56918
27.5 131.67755
27.6 131.78592
27.7 131.89429
27.8 132.00266
27.9 132.11103
28 132.2194
28.1 132.31949
28.2 132.41958
28.3 132.51967
28.4 132.61976
28.5 132.71985
28.6 132.81994
28.7 132.92003
28.8 133.02012
28.9 133.12021
29 133.2203
29.1 133.31007
29.2 133.39984
29.3 133.48961
29.4 133.57938
29.5 133.66915
29.6 133.75892
29.7 133.84869
29.8 133.93846
29.9 134.02823
30 134.118
30.1 134.19781
30.2 134.27762
30.3 134.35743
30.4 134.43724
30.5 134.51705
30.6 134.59686
30.7 134.67667
30.8 134.75648
30.9 134.83629
31 134.9161
31.1 134.98694
31.2 135.05778
31.3 135.12862
31.4 135.19946
31.5 135.2703
31.6 135.34114
31.7 135.41198
31.8 135.48282
31.9 135.55366
32 135.6245
32.1 135.68727
32.2 135.75004
32.3 135.81281
32.4 135.87558
32.5 135.93835
32.6 136.00112
32.7 136.06389
32.8 136.12666
32.9 136.18943
33 136.2522
33.1 136.30845
33.2 136.3647
33.3 136.42095
33.4 136.4772
33.5 136.53345
33.6 136.5897
33.7 136.64595
33.8 136.7022
33.9 136.75845
34 136.8147
34.1 136.86504
34.2 136.91538
34.3 136.96572
34.4 137.01606
34.5 137.0664
34.6 137.11674
34.7 137.16708
34.8 137.21742
34.9 137.26776
35 137.3181
35.1 137.36379
35.2 137.40948
35.3 137.45517
35.4 137.50086
35.5 137.54655
35.6 137.59224
35.7 137.63793
35.8 137.68362
35.9 137.72931
36 137.775
36.1 137.81651
36.2 137.85802
36.3 137.89953
36.4 137.94104
36.5 137.98255
36.6 138.02406
36.7 138.06557
36.8 138.10708
36.9 138.14859
37 138.1901
37.1 138.22766
37.2 138.26522
37.3 138.30278
37.4 138.34034
37.5 138.3779
37.6 138.41546
37.7 138.45302
37.8 138.49058
37.9 138.52814
38 138.5657
38.1 138.60001
38.2 138.63432
38.3 138.66863
38.4 138.70294
38.5 138.73725
38.6 138.77156
38.7 138.80587
38.8 138.84018
38.9 138.87449
39 138.9088
39.1 138.93978
39.2 138.97076
39.3 139.00174
39.4 139.03272
39.5 139.0637
39.6 139.09468
39.7 139.12566
39.8 139.15664
39.9 139.18762
40 139.2186
40.1 139.24713
40.2 139.27566
40.3 139.30419
40.4 139.33272
40.5 139.36125
40.6 139.38978
40.7 139.41831
40.8 139.44684
40.9 139.47537
41 139.5039
41.1 139.53044
41.2 139.55698
41.3 139.58352
41.4 139.61006
41.5 139.6366
41.6 139.66314
41.7 139.68968
41.8 139.71622
41.9 139.74276
42 139.7693
42.1 139.7937
42.2 139.8181
42.3 139.8425
42.4 139.8669
42.5 139.8913
42.6 139.9157
42.7 139.9401
42.8 139.9645
42.9 139.9889
43 140.0133
43.1 140.03577
43.2 140.05824
43.3 140.08071
43.4 140.10318
43.5 140.12565
43.6 140.14812
43.7 140.17059
43.8 140.19306
43.9 140.21553
44 140.238
44.1 140.25887
44.2 140.27974
44.3 140.30061
44.4 140.32148
44.5 140.34235
44.6 140.36322
44.7 140.38409
44.8 140.40496
44.9 140.42583
45 140.4467
45.1 140.4661
45.2 140.4855
45.3 140.5049
45.4 140.5243
45.5 140.5437
45.6 140.5631
45.7 140.5825
45.8 140.6019
45.9 140.6213
46 140.6407
46.1 140.65873
46.2 140.67676
46.3 140.69479
46.4 140.71282
46.5 140.73085
46.6 140.74888
46.7 140.76691
46.8 140.78494
46.9 140.80297
47 140.821
47.1 140.83775
47.2 140.8545
47.3 140.87125
47.4 140.888
47.5 140.90475
47.6 140.9215
47.7 140.93825
47.8 140.955
47.9 140.97175
48 140.9885
48.1 141.0042
48.2 141.0199
48.3 141.0356
48.4 141.0513
48.5 141.067
48.6 141.0827
48.7 141.0984
48.8 141.1141
48.9 141.1298
49 141.1455
49.1 141.16019
49.2 141.17488
49.3 141.18957
49.4 141.20426
49.5 141.21895
49.6 141.23364
49.7 141.24833
49.8 141.26302
49.9 141.27771
50 141.2924
50.1 141.30611
50.2 141.31982
50.3 141.33353
50.4 141.34724
50.5 141.36095
50.6 141.37466
50.7 141.38837
50.8 141.40208
50.9 141.41579
51 141.4295
51.1 141.44227
51.2 141.45504
51.3 141.46781
51.4 141.48058
51.5 141.49335
51.6 141.50612
51.7 141.51889
51.8 141.53166
51.9 141.54443
52 141.5572
52.1 141.5692
52.2 141.5812
52.3 141.5932
52.4 141.6052
52.5 141.6172
52.6 141.6292
52.7 141.6412
52.8 141.6532
52.9 141.6652
53 141.6772
53.1 141.68859
53.2 141.69998
53.3 141.71137
53.4 141.72276
53.5 141.73415
53.6 141.74554
53.7 141.75693
53.8 141.76832
53.9 141.77971
54 141.7911
54.1 141.8018
54.2 141.8125
54.3 141.8232
54.4 141.8339
54.5 141.8446
54.6 141.8553
54.7 141.866
54.8 141.8767
54.9 141.8874
55 141.8981
55.1 141.90805
55.2 141.918
55.3 141.92795
55.4 141.9379
55.5 141.94785
55.6 141.9578
55.7 141.96775
55.8 141.9777
55.9 141.98765
56 141.9976
56.1 142.00693
56.2 142.01626
56.3 142.02559
56.4 142.03492
56.5 142.04425
56.6 142.05358
56.7 142.06291
56.8 142.07224
56.9 142.08157
57 142.0909
57.1 142.09988
57.2 142.10886
57.3 142.11784
57.4 142.12682
57.5 142.1358
57.6 142.14478
57.7 142.15376
57.8 142.16274
57.9 142.17172
58 142.1807
58.1 142.18885
58.2 142.197
58.3 142.20515
58.4 142.2133
58.5 142.22145
58.6 142.2296
58.7 142.23775
58.8 142.2459
58.9 142.25405
59 142.2622
59.1 142.27015
59.2 142.2781
59.3 142.28605
59.4 142.294
59.5 142.30195
59.6 142.3099
59.7 142.31785
59.8 142.3258
59.9 142.33375
60 142.3417
60.1 142.34921
60.2 142.35672
60.3 142.36423
60.4 142.37174
60.5 142.37925
60.6 142.38676
60.7 142.39427
60.8 142.40178
60.9 142.40929
61 142.4168
61.1 142.4239
61.2 142.431
61.3 142.4381
61.4 142.4452
61.5 142.4523
61.6 142.4594
61.7 142.4665
61.8 142.4736
61.9 142.4807
62 142.4878
62.1 142.49456
62.2 142.50132
62.3 142.50808
62.4 142.51484
62.5 142.5216
62.6 142.52836
62.7 142.53512
62.8 142.54188
62.9 142.54864
63 142.5554
63.1 142.56185
63.2 142.5683
63.3 142.57475
63.4 142.5812
63.5 142.58765
63.6 142.5941
63.7 142.60055
63.8 142.607
63.9 142.61345
64 142.6199
64.1 142.6258
64.2 142.6317
64.3 142.6376
64.4 142.6435
64.5 142.6494
64.6 142.6553
64.7 142.6612
64.8 142.6671
64.9 142.673
65 142.6789
65.1 142.6844
65.2 142.6899
65.3 142.6954
65.4 142.7009
65.5 142.7064
65.6 142.7119
65.7 142.7174
65.8 142.7229
65.9 142.7284
66 142.7339
66.1 142.73916
66.2 142.74442
66.3 142.74968
66.4 142.75494
66.5 142.7602
66.6 142.76546
66.7 142.77072
66.8 142.77598
66.9 142.78124
67 142.7865
67.1 142.79159
67.2 142.79668
67.3 142.80177
67.4 142.80686
67.5 142.81195
67.6 142.81704
67.7 142.82213
67.8 142.82722
67.9 142.83231
68 142.8374
68.1 142.84211
68.2 142.84682
68.3 142.85153
68.4 142.85624
68.5 142.86095
68.6 142.86566
68.7 142.87037
68.8 142.87508
68.9 142.87979
69 142.8845
69.1 142.88908
69.2 142.89366
69.3 142.89824
69.4 142.90282
69.5 142.9074
69.6 142.91198
69.7 142.91656
69.8 142.92114
69.9 142.92572
70 142.9303
70.1 142.9347
70.2 142.9391
70.3 142.9435
70.4 142.9479
70.5 142.9523
70.6 142.9567
70.7 142.9611
70.8 142.9655
70.9 142.9699
71 142.9743
71.1 142.97847
71.2 142.98264
71.3 142.98681
71.4 142.99098
71.5 142.99515
71.6 142.99932
71.7 143.00349
71.8 143.00766
71.9 143.01183
72 143.016
72.1 143.01982
72.2 143.02364
72.3 143.02746
72.4 143.03128
72.5 143.0351
72.6 143.03892
72.7 143.04274
72.8 143.04656
72.9 143.05038
73 143.0542
73.1 143.05781
73.2 143.06142
73.3 143.06503
73.4 143.06864
73.5 143.07225
73.6 143.07586
73.7 143.07947
73.8 143.08308
73.9 143.08669
74 143.0903
74.1 143.09372
74.2 143.09714
74.3 143.10056
74.4 143.10398
74.5 143.1074
74.6 143.11082
74.7 143.11424
74.8 143.11766
74.9 143.12108
75 143.1245
75.1 143.12764
75.2 143.13078
75.3 143.13392
75.4 143.13706
75.5 143.1402
75.6 143.14334
75.7 143.14648
75.8 143.14962
75.9 143.15276
76 143.1559
76.1 143.15889
76.2 143.16188
76.3 143.16487
76.4 143.16786
76.5 143.17085
76.6 143.17384
76.7 143.17683
76.8 143.17982
76.9 143.18281
77 143.1858
77.1 143.18865
77.2 143.1915
77.3 143.19435
77.4 143.1972
77.5 143.20005
77.6 143.2029
77.7 143.20575
77.8 143.2086
77.9 143.21145
78 143.2143
78.1 143.21711
78.2 143.21992
78.3 143.22273
78.4 143.22554
78.5 143.22835
78.6 143.23116
78.7 143.23397
78.8 143.23678
78.9 143.23959
79 143.2424
79.1 143.24502
79.2 143.24764
79.3 143.25026
79.4 143.25288
79.5 143.2555
79.6 143.25812
79.7 143.26074
79.8 143.26336
79.9 143.26598
80 143.2686
80.1 143.27094
80.2 143.27328
80.3 143.27562
80.4 143.27796
80.5 143.2803
80.6 143.28264
80.7 143.28498
80.8 143.28732
80.9 143.28966
81 143.292
81.1 143.29423
81.2 143.29646
81.3 143.29869
81.4 143.30092
81.5 143.30315
81.6 143.30538
81.7 143.30761
81.8 143.30984
81.9 143.31207
82 143.3143
82.1 143.31646
82.2 143.31862
82.3 143.32078
82.4 143.32294
82.5 143.3251
82.6 143.32726
82.7 143.32942
82.8 143.33158
82.9 143.33374
83 143.3359
83.1 143.33788
83.2 143.33986
83.3 143.34184
83.4 143.34382
83.5 143.3458
83.6 143.34778
83.7 143.34976
83.8 143.35174
83.9 143.35372
84 143.3557
84.1 143.35767
84.2 143.35964
84.3 143.36161
84.4 143.36358
84.5 143.36555
84.6 143.36752
84.7 143.36949
84.8 143.37146
84.9 143.37343
85 143.3754
85.1 143.37736
85.2 143.37932
85.3 143.38128
85.4 143.38324
85.5 143.3852
85.6 143.38716
85.7 143.38912
85.8 143.39108
85.9 143.39304
86 143.395
86.1 143.39659
86.2 143.39818
86.3 143.39977
86.4 143.40136
86.5 143.40295
86.6 143.40454
86.7 143.40613
86.8 143.40772
86.9 143.40931
87 143.4109
87.1 143.41242
87.2 143.41394
87.3 143.41546
87.4 143.41698
87.5 143.4185
87.6 143.42002
87.7 143.42154
87.8 143.42306
87.9 143.42458
88 143.4261
88.1 143.4275
88.2 143.4289
88.3 143.4303
88.4 143.4317
88.5 143.4331
88.6 143.4345
88.7 143.4359
88.8 143.4373
88.9 143.4387
89 143.4401
89.1 143.44141
89.2 143.44272
89.3 143.44403
89.4 143.44534
89.5 143.44665
89.6 143.44796
89.7 143.44927
89.8 143.45058
89.9 143.45189
90 143.4532
90.1 143.45439
90.2 143.45558
90.3 143.45677
90.4 143.45796
90.5 143.45915
90.6 143.46034
90.7 143.46153
90.8 143.46272
90.9 143.46391
91 143.4651
91.1 143.46619
91.2 143.46728
91.3 143.46837
91.4 143.46946
91.5 143.47055
91.6 143.47164
91.7 143.47273
91.8 143.47382
91.9 143.47491
92 143.476
92.1 143.47703
92.2 143.47806
92.3 143.47909
92.4 143.48012
92.5 143.48115
92.6 143.48218
92.7 143.48321
92.8 143.48424
92.9 143.48527
93 143.4863
93.1 143.48727
93.2 143.48824
93.3 143.48921
93.4 143.49018
93.5 143.49115
93.6 143.49212
93.7 143.49309
93.8 143.49406
93.9 143.49503
94 143.496
94.1 143.49696
94.2 143.49792
94.3 143.49888
94.4 143.49984
94.5 143.5008
94.6 143.50176
94.7 143.50272
94.8 143.50368
94.9 143.50464
95 143.5056
95.1 143.50636
95.2 143.50712
95.3 143.50788
95.4 143.50864
95.5 143.5094
95.6 143.51016
95.7 143.51092
95.8 143.51168
95.9 143.51244
96 143.5132
96.1 143.51393
96.2 143.51466
96.3 143.51539
96.4 143.51612
96.5 143.51685
96.6 143.51758
96.7 143.51831
96.8 143.51904
96.9 143.51977
97 143.5205
97.1 143.52105
97.2 143.5216
97.3 143.52215
97.4 143.5227
97.5 143.52325
97.6 143.5238
97.7 143.52435
97.8 143.5249
97.9 143.52545
98 143.526
98.1 143.52654
98.2 143.52708
98.3 143.52762
98.4 143.52816
98.5 143.5287
98.6 143.52924
98.7 143.52978
98.8 143.53032
98.9 143.53086
99 143.5314
99.1 143.53189
99.2 143.53238
99.3 143.53287
99.4 143.53336
99.5 143.53385
99.6 143.53434
99.7 143.53483
99.8 143.53532
99.9 143.53581
100 143.5363
100.1 143.53678
100.2 143.53726
100.3 143.53774
100.4 143.53822
100.5 143.5387
100.6 143.53918
100.7 143.53966
100.8 143.54014
100.9 143.54062
101 143.5411
101.1 143.5414
101.2 143.5417
101.3 143.542
101.4 143.5423
101.5 143.5426
101.6 143.5429
101.7 143.5432
101.8 143.5435
101.9 143.5438
102 143.5441
102.1 143.5444
102.2 143.5447
102.3 143.545
102.4 143.5453
102.5 143.5456
102.6 143.5459
102.7 143.5462
102.8 143.5465
102.9 143.5468
103 143.5471
103.1 143.54741
103.2 143.54772
103.3 143.54803
103.4 143.54834
103.5 143.54865
103.6 143.54896
103.7 143.54927
103.8 143.54958
103.9 143.54989
104 143.5502
104.1 143.55052
104.2 143.55084
104.3 143.55116
104.4 143.55148
104.5 143.5518
104.6 143.55212
104.7 143.55244
104.8 143.55276
104.9 143.55308
105 143.5534
105.1 143.55341
105.2 143.55342
105.3 143.55343
105.4 143.55344
105.5 143.55345
105.6 143.55346
105.7 143.55347
105.8 143.55348
105.9 143.55349
106 143.5535
106.1 143.55351
106.2 143.55352
106.3 143.55353
106.4 143.55354
106.5 143.55355
106.6 143.55356
106.7 143.55357
106.8 143.55358
106.9 143.55359
107 143.5536
107.1 143.55353
107.2 143.55346
107.3 143.55339
107.4 143.55332
107.5 143.55325
107.6 143.55318
107.7 143.55311
107.8 143.55304
107.9 143.55297
108 143.5529
108.1 143.55282
108.2 143.55274
108.3 143.55266
108.4 143.55258
108.5 143.5525
108.6 143.55242
108.7 143.55234
108.8 143.55226
108.9 143.55218
109 143.5521
109.1 143.55191
109.2 143.55172
109.3 143.55153
109.4 143.55134
109.5 143.55115
109.6 143.55096
109.7 143.55077
109.8 143.55058
109.9 143.55039
110 143.5502
110.1 143.54997
110.2 143.54974
110.3 143.54951
110.4 143.54928
110.5 143.54905
110.6 143.54882
110.7 143.54859
110.8 143.54836
110.9 143.54813
111 143.5479
111.1 143.54769
111.2 143.54748
111.3 143.54727
111.4 143.54706
111.5 143.54685
111.6 143.54664
111.7 143.54643
111.8 143.54622
111.9 143.54601
112 143.5458
112.1 143.54561
112.2 143.54542
112.3 143.54523
112.4 143.54504
112.5 143.54485
112.6 143.54466
112.7 143.54447
112.8 143.54428
112.9 143.54409
113 143.5439
113.1 143.54363
113.2 143.54336
113.3 143.54309
113.4 143.54282
113.5 143.54255
113.6 143.54228
113.7 143.54201
113.8 143.54174
113.9 143.54147
114 143.5412
114.1 143.54079
114.2 143.54038
114.3 143.53997
114.4 143.53956
114.5 143.53915
114.6 143.53874
114.7 143.53833
114.8 143.53792
114.9 143.53751
115 143.5371
115.1 143.53669
115.2 143.53628
115.3 143.53587
115.4 143.53546
115.5 143.53505
115.6 143.53464
115.7 143.53423
115.8 143.53382
115.9 143.53341
116 143.533
116.1 143.53249
116.2 143.53198
116.3 143.53147
116.4 143.53096
116.5 143.53045
116.6 143.52994
116.7 143.52943
116.8 143.52892
116.9 143.52841
117 143.5279
117.1 143.52739
117.2 143.52688
117.3 143.52637
117.4 143.52586
117.5 143.52535
117.6 143.52484
117.7 143.52433
117.8 143.52382
117.9 143.52331
118 143.5228
118.1 143.52215
118.2 143.5215
118.3 143.52085
118.4 143.5202
118.5 143.51955
118.6 143.5189
118.7 143.51825
118.8 143.5176
118.9 143.51695
119 143.5163
119.1 143.51559
119.2 143.51488
119.3 143.51417
119.4 143.51346
119.5 143.51275
119.6 143.51204
119.7 143.51133
119.8 143.51062
119.9 143.50991
120 143.5092
120.1 143.5085
120.2 143.5078
120.3 143.5071
120.4 143.5064
120.5 143.5057
120.6 143.505
120.7 143.5043
120.8 143.5036
120.9 143.5029
121 143.5022
121.1 143.50149
121.2 143.50078
121.3 143.50007
121.4 143.49936
121.5 143.49865
121.6 143.49794
121.7 143.49723
121.8 143.49652
121.9 143.49581
122 143.4951
122.1 143.4944
122.2 143.4937
122.3 143.493
122.4 143.4923
122.5 143.4916
122.6 143.4909
122.7 143.4902
122.8 143.4895
122.9 143.4888
123 143.4881
123.1 143.48742
123.2 143.48674
123.3 143.48606
123.4 143.48538
123.5 143.4847
123.6 143.48402
123.7 143.48334
123.8 143.48266
123.9 143.48198
124 143.4813
124.1 143.48062
124.2 143.47994
124.3 143.47926
124.4 143.47858
124.5 143.4779
124.6 143.47722
124.7 143.47654
124.8 143.47586
124.9 143.47518
125 143.4745
125.1 143.47376
125.2 143.47302
125.3 143.47228
125.4 143.47154
125.5 143.4708
125.6 143.47006
125.7 143.46932
125.8 143.46858
125.9 143.46784
126 143.4671
126.1 143.4663
126.2 143.4655
126.3 143.4647
126.4 143.4639
126.5 143.4631
126.6 143.4623
126.7 143.4615
126.8 143.4607
126.9 143.4599
127 143.4591
127.1 143.4583
127.2 143.4575
127.3 143.4567
127.4 143.4559
127.5 143.4551
127.6 143.4543
127.7 143.4535
127.8 143.4527
127.9 143.4519
128 143.4511
128.1 143.45
128.2 143.4489
128.3 143.4478
128.4 143.4467
128.5 143.4456
128.6 143.4445
128.7 143.4434
128.8 143.4423
128.9 143.4412
129 143.4401
129.1 143.439
129.2 143.4379
129.3 143.4368
129.4 143.4357
129.5 143.4346
129.6 143.4335
129.7 143.4324
129.8 143.4313
129.9 143.4302
130 143.4291
130.1 143.42801
130.2 143.42692
130.3 143.42583
130.4 143.42474
130.5 143.42365
130.6 143.42256
130.7 143.42147
130.8 143.42038
130.9 143.41929
131 143.4182
131.1 143.41714
131.2 143.41608
131.3 143.41502
131.4 143.41396
131.5 143.4129
131.6 143.41184
131.7 143.41078
131.8 143.40972
131.9 143.40866
132 143.4076
132.1 143.40653
132.2 143.40546
132.3 143.40439
132.4 143.40332
132.5 143.40225
132.6 143.40118
132.7 143.40011
132.8 143.39904
132.9 143.39797
133 143.3969
133.1 143.39571
133.2 143.39452
133.3 143.39333
133.4 143.39214
133.5 143.39095
133.6 143.38976
133.7 143.38857
133.8 143.38738
133.9 143.38619
134 143.385
134.1 143.38378
134.2 143.38256
134.3 143.38134
134.4 143.38012
134.5 143.3789
134.6 143.37768
134.7 143.37646
134.8 143.37524
134.9 143.37402
135 143.3728
135.1 143.37157
135.2 143.37034
135.3 143.36911
135.4 143.36788
135.5 143.36665
135.6 143.36542
135.7 143.36419
135.8 143.36296
135.9 143.36173
136 143.3605
136.1 143.35925
136.2 143.358
136.3 143.35675
136.4 143.3555
136.5 143.35425
136.6 143.353
136.7 143.35175
136.8 143.3505
136.9 143.34925
137 143.348
137.1 143.34674
137.2 143.34548
137.3 143.34422
137.4 143.34296
137.5 143.3417
137.6 143.34044
137.7 143.33918
137.8 143.33792
137.9 143.33666
138 143.3354
138.1 143.33413
138.2 143.33286
138.3 143.33159
138.4 143.33032
138.5 143.32905
138.6 143.32778
138.7 143.32651
138.8 143.32524
138.9 143.32397
139 143.3227
139.1 143.32139
139.2 143.32008
139.3 143.31877
139.4 143.31746
139.5 143.31615
139.6 143.31484
139.7 143.31353
139.8 143.31222
139.9 143.31091
140 143.3096
140.1 143.30829
140.2 143.30698
140.3 143.30567
140.4 143.30436
140.5 143.30305
140.6 143.30174
140.7 143.30043
140.8 143.29912
140.9 143.29781
141 143.2965
141.1 143.29508
141.2 143.29366
141.3 143.29224
141.4 143.29082
141.5 143.2894
141.6 143.28798
141.7 143.28656
141.8 143.28514
141.9 143.28372
142 143.2823
142.1 143.28081
142.2 143.27932
142.3 143.27783
142.4 143.27634
142.5 143.27485
142.6 143.27336
142.7 143.27187
142.8 143.27038
142.9 143.26889
143 143.2674
143.1 143.26591
143.2 143.26442
143.3 143.26293
143.4 143.26144
143.5 143.25995
143.6 143.25846
143.7 143.25697
143.8 143.25548
143.9 143.25399
144 143.2525
144.1 143.25095
144.2 143.2494
144.3 143.24785
144.4 143.2463
144.5 143.24475
144.6 143.2432
144.7 143.24165
144.8 143.2401
144.9 143.23855
145 143.237
145.1 143.23543
145.2 143.23386
145.3 143.23229
145.4 143.23072
145.5 143.22915
145.6 143.22758
145.7 143.22601
145.8 143.22444
145.9 143.22287
146 143.2213
146.1 143.21972
146.2 143.21814
146.3 143.21656
146.4 143.21498
146.5 143.2134
146.6 143.21182
146.7 143.21024
146.8 143.20866
146.9 143.20708
147 143.2055
147.1 143.20392
147.2 143.20234
147.3 143.20076
147.4 143.19918
147.5 143.1976
147.6 143.19602
147.7 143.19444
147.8 143.19286
147.9 143.19128
148 143.1897
148.1 143.18812
148.2 143.18654
148.3 143.18496
148.4 143.18338
148.5 143.1818
148.6 143.18022
148.7 143.17864
148.8 143.17706
148.9 143.17548
149 143.1739
149.1 143.17232
149.2 143.17074
149.3 143.16916
149.4 143.16758
149.5 143.166
149.6 143.16442
149.7 143.16284
149.8 143.16126
149.9 143.15968
150 143.1581
150.1 143.15643
150.2 143.15476
150.3 143.15309
150.4 143.15142
150.5 143.14975
150.6 143.14808
150.7 143.14641
150.8 143.14474
150.9 143.14307
151 143.1414
151.1 143.13973
151.2 143.13806
151.3 143.13639
151.4 143.13472
151.5 143.13305
151.6 143.13138
151.7 143.12971
151.8 143.12804
151.9 143.12637
152 143.1247
152.1 143.12303
152.2 143.12136
152.3 143.11969
152.4 143.11802
152.5 143.11635
152.6 143.11468
152.7 143.11301
152.8 143.11134
152.9 143.10967
153 143.108
153.1 143.10623
153.2 143.10446
153.3 143.10269
153.4 143.10092
153.5 143.09915
153.6 143.09738
153.7 143.09561
153.8 143.09384
153.9 143.09207
154 143.0903
154.1 143.08854
154.2 143.08678
154.3 143.08502
154.4 143.08326
154.5 143.0815
154.6 143.07974
154.7 143.07798
154.8 143.07622
154.9 143.07446
155 143.0727
155.1 143.07093
155.2 143.06916
155.3 143.06739
155.4 143.06562
155.5 143.06385
155.6 143.06208
155.7 143.06031
155.8 143.05854
155.9 143.05677
156 143.055
156.1 143.05305
156.2 143.0511
156.3 143.04915
156.4 143.0472
156.5 143.04525
156.6 143.0433
156.7 143.04135
156.8 143.0394
156.9 143.03745
157 143.0355
157.1 143.03353
157.2 143.03156
157.3 143.02959
157.4 143.02762
157.5 143.02565
157.6 143.02368
157.7 143.02171
157.8 143.01974
157.9 143.01777
158 143.0158
158.1 143.01384
158.2 143.01188
158.3 143.00992
158.4 143.00796
158.5 143.006
158.6 143.00404
158.7 143.00208
158.8 143.00012
158.9 142.99816
159 142.9962
159.1 142.99423
159.2 142.99226
159.3 142.99029
159.4 142.98832
159.5 142.98635
159.6 142.98438
159.7 142.98241
159.8 142.98044
159.9 142.97847
160 142.9765
160.1 142.97453
160.2 142.97256
160.3 142.97059
160.4 142.96862
160.5 142.96665
160.6 142.96468
160.7 142.96271
160.8 142.96074
160.9 142.95877
161 142.9568
161.1 142.95483
161.2 142.95286
161.3 142.95089
161.4 142.94892
161.5 142.94695
161.6 142.94498
161.7 142.94301
161.8 142.94104
161.9 142.93907
162 142.9371
162.1 142.93513
162.2 142.93316
162.3 142.93119
162.4 142.92922
162.5 142.92725
162.6 142.92528
162.7 142.92331
162.8 142.92134
162.9 142.91937
163 142.9174
163.1 142.91543
163.2 142.91346
163.3 142.91149
163.4 142.90952
163.5 142.90755
163.6 142.90558
163.7 142.90361
163.8 142.90164
163.9 142.89967
164 142.8977
164.1 142.89574
164.2 142.89378
164.3 142.89182
164.4 142.88986
164.5 142.8879
164.6 142.88594
164.7 142.88398
164.8 142.88202
164.9 142.88006
165 142.8781
165.1 142.87605
165.2 142.874
165.3 142.87195
165.4 142.8699
165.5 142.86785
165.6 142.8658
165.7 142.86375
165.8 142.8617
165.9 142.85965
166 142.8576
166.1 142.85544
166.2 142.85328
166.3 142.85112
166.4 142.84896
166.5 142.8468
166.6 142.84464
166.7 142.84248
166.8 142.84032
166.9 142.83816
167 142.836
167.1 142.83383
167.2 142.83166
167.3 142.82949
167.4 142.82732
167.5 142.82515
167.6 142.82298
167.7 142.82081
167.8 142.81864
167.9 142.81647
168 142.8143
168.1 142.81213
168.2 142.80996
168.3 142.80779
168.4 142.80562
168.5 142.80345
168.6 142.80128
168.7 142.79911
168.8 142.79694
168.9 142.79477
169 142.7926
169.1 142.7903
169.2 142.788
169.3 142.7857
169.4 142.7834
169.5 142.7811
169.6 142.7788
169.7 142.7765
169.8 142.7742
169.9 142.7719
170 142.7696
170.1 142.76731
170.2 142.76502
170.3 142.76273
170.4 142.76044
170.5 142.75815
170.6 142.75586
170.7 142.75357
170.8 142.75128
170.9 142.74899
171 142.7467
171.1 142.7444
171.2 142.7421
171.3 142.7398
171.4 142.7375
171.5 142.7352
171.6 142.7329
171.7 142.7306
171.8 142.7283
171.9 142.726
172 142.7237
172.1 142.72131
172.2 142.71892
172.3 142.71653
172.4 142.71414
172.5 142.71175
172.6 142.70936
172.7 142.70697
172.8 142.70458
172.9 142.70219
173 142.6998
173.1 142.69739
173.2 142.69498
173.3 142.69257
173.4 142.69016
173.5 142.68775
173.6 142.68534
173.7 142.68293
173.8 142.68052
173.9 142.67811
174 142.6757
174.1 142.67328
174.2 142.67086
174.3 142.66844
174.4 142.66602
174.5 142.6636
174.6 142.66118
174.7 142.65876
174.8 142.65634
174.9 142.65392
175 142.6515
175.1 142.64906
175.2 142.64662
175.3 142.64418
175.4 142.64174
175.5 142.6393
175.6 142.63686
175.7 142.63442
175.8 142.63198
175.9 142.62954
176 142.6271
176.1 142.62462
176.2 142.62214
176.3 142.61966
176.4 142.61718
176.5 142.6147
176.6 142.61222
176.7 142.60974
176.8 142.60726
176.9 142.60478
177 142.6023
177.1 142.59981
177.2 142.59732
177.3 142.59483
177.4 142.59234
177.5 142.58985
177.6 142.58736
177.7 142.58487
177.8 142.58238
177.9 142.57989
178 142.5774
178.1 142.57491
178.2 142.57242
178.3 142.56993
178.4 142.56744
178.5 142.56495
178.6 142.56246
178.7 142.55997
178.8 142.55748
178.9 142.55499
179 142.5525
179.1 142.5499
179.2 142.5473
179.3 142.5447
179.4 142.5421
179.5 142.5395
179.6 142.5369
179.7 142.5343
179.8 142.5317
179.9 142.5291
180 142.5265
180.1 142.52386
180.2 142.52122
180.3 142.51858
180.4 142.51594
180.5 142.5133
180.6 142.51066
180.7 142.50802
180.8 142.50538
180.9 142.50274
181 142.5001
181.1 142.49746
181.2 142.49482
181.3 142.49218
181.4 142.48954
181.5 142.4869
181.6 142.48426
181.7 142.48162
181.8 142.47898
181.9 142.47634
182 142.4737
182.1 142.47106
182.2 142.46842
182.3 142.46578
182.4 142.46314
182.5 142.4605
182.6 142.45786
182.7 142.45522
182.8 142.45258
182.9 142.44994
183 142.4473
183.1 142.44464
183.2 142.44198
183.3 142.43932
183.4 142.43666
183.5 142.434
183.6 142.43134
183.7 142.42868
183.8 142.42602
183.9 142.42336
184 142.4207
184.1 142.41804
184.2 142.41538
184.3 142.41272
184.4 142.41006
184.5 142.4074
184.6 142.40474
184.7 142.40208
184.8 142.39942
184.9 142.39676
185 142.3941
185.1 142.39145
185.2 142.3888
185.3 142.38615
185.4 142.3835
185.5 142.38085
185.6 142.3782
185.7 142.37555
185.8 142.3729
185.9 142.37025
186 142.3676
186.1 142.36478
186.2 142.36196
186.3 142.35914
186.4 142.35632
186.5 142.3535
186.6 142.35068
186.7 142.34786
186.8 142.34504
186.9 142.34222
187 142.3394
187.1 142.33645
187.2 142.3335
187.3 142.33055
187.4 142.3276
187.5 142.32465
187.6 142.3217
187.7 142.31875
187.8 142.3158
187.9 142.31285
188 142.3099
188.1 142.30694
188.2 142.30398
188.3 142.30102
188.4 142.29806
188.5 142.2951
188.6 142.29214
188.7 142.28918
188.8 142.28622
188.9 142.28326
189 142.2803
189.1 142.27734
189.2 142.27438
189.3 142.27142
189.4 142.26846
189.5 142.2655
189.6 142.26254
189.7 142.25958
189.8 142.25662
189.9 142.25366
190 142.2507
190.1 142.24754
190.2 142.24438
190.3 142.24122
190.4 142.23806
190.5 142.2349
190.6 142.23174
190.7 142.22858
190.8 142.22542
190.9 142.22226
191 142.2191
191.1 142.21589
191.2 142.21268
191.3 142.20947
191.4 142.20626
191.5 142.20305
191.6 142.19984
191.7 142.19663
191.8 142.19342
191.9 142.19021
192 142.187
192.1 142.18378
192.2 142.18056
192.3 142.17734
192.4 142.17412
192.5 142.1709
192.6 142.16768
192.7 142.16446
192.8 142.16124
192.9 142.15802
193 142.1548
193.1 142.15159
193.2 142.14838
193.3 142.14517
193.4 142.14196
193.5 142.13875
193.6 142.13554
193.7 142.13233
193.8 142.12912
193.9 142.12591
194 142.1227
194.1 142.11945
194.2 142.1162
194.3 142.11295
194.4 142.1097
194.5 142.10645
194.6 142.1032
194.7 142.09995
194.8 142.0967
194.9 142.09345
195 142.0902
195.1 142.08695
195.2 142.0837
195.3 142.08045
195.4 142.0772
195.5 142.07395
195.6 142.0707
195.7 142.06745
195.8 142.0642
195.9 142.06095
196 142.0577
196.1 142.05445
196.2 142.0512
196.3 142.04795
196.4 142.0447
196.5 142.04145
196.6 142.0382
196.7 142.03495
196.8 142.0317
196.9 142.02845
197 142.0252
197.1 142.02192
197.2 142.01864
197.3 142.01536
197.4 142.01208
197.5 142.0088
197.6 142.00552
197.7 142.00224
197.8 141.99896
197.9 141.99568
198 141.9924
198.1 141.98882
198.2 141.98524
198.3 141.98166
198.4 141.97808
198.5 141.9745
198.6 141.97092
198.7 141.96734
198.8 141.96376
198.9 141.96018
199 141.9566
199.1 141.95303
199.2 141.94946
199.3 141.94589
199.4 141.94232
199.5 141.93875
199.6 141.93518
199.7 141.93161
199.8 141.92804
199.9 141.92447
200 141.9209
200.1 141.91733
200.2 141.91376
200.3 141.91019
200.4 141.90662
200.5 141.90305
200.6 141.89948
200.7 141.89591
200.8 141.89234
200.9 141.88877
201 141.8852
201.1 141.88159
201.2 141.87798
201.3 141.87437
201.4 141.87076
201.5 141.86715
201.6 141.86354
201.7 141.85993
201.8 141.85632
201.9 141.85271
202 141.8491
202.1 141.84526
202.2 141.84142
202.3 141.83758
202.4 141.83374
202.5 141.8299
202.6 141.82606
202.7 141.82222
202.8 141.81838
202.9 141.81454
203 141.8107
203.1 141.80686
203.2 141.80302
203.3 141.79918
203.4 141.79534
203.5 141.7915
203.6 141.78766
203.7 141.78382
203.8 141.77998
203.9 141.77614
204 141.7723
204.1 141.76846
204.2 141.76462
204.3 141.76078
204.4 141.75694
204.5 141.7531
204.6 141.74926
204.7 141.74542
204.8 141.74158
204.9 141.73774
205 141.7339
205.1 141.73001
205.2 141.72612
205.3 141.72223
205.4 141.71834
205.5 141.71445
205.6 141.71056
205.7 141.70667
205.8 141.70278
205.9 141.69889
206 141.695
206.1 141.69067
206.2 141.68634
206.3 141.68201
206.4 141.67768
206.5 141.67335
206.6 141.66902
206.7 141.66469
206.8 141.66036
206.9 141.65603
207 141.6517
207.1 141.64737
207.2 141.64304
207.3 141.63871
207.4 141.63438
207.5 141.63005
207.6 141.62572
207.7 141.62139
207.8 141.61706
207.9 141.61273
208 141.6084
208.1 141.60407
208.2 141.59974
208.3 141.59541
208.4 141.59108
208.5 141.58675
208.6 141.58242
208.7 141.57809
208.8 141.57376
208.9 141.56943
209 141.5651
209.1 141.56077
209.2 141.55644
209.3 141.55211
209.4 141.54778
209.5 141.54345
209.6 141.53912
209.7 141.53479
209.8 141.53046
209.9 141.52613
210 141.5218
210.1 141.51699
210.2 141.51218
210.3 141.50737
210.4 141.50256
210.5 141.49775
210.6 141.49294
210.7 141.48813
210.8 141.48332
210.9 141.47851
211 141.4737
211.1 141.46889
211.2 141.46408
211.3 141.45927
211.4 141.45446
211.5 141.44965
211.6 141.44484
211.7 141.44003
211.8 141.43522
211.9 141.43041
212 141.4256
212.1 141.42079
212.2 141.41598
212.3 141.41117
212.4 141.40636
212.5 141.40155
212.6 141.39674
212.7 141.39193
212.8 141.38712
212.9 141.38231
213 141.3775
213.1 141.37269
213.2 141.36788
213.3 141.36307
213.4 141.35826
213.5 141.35345
213.6 141.34864
213.7 141.34383
213.8 141.33902
213.9 141.33421
214 141.3294
214.1 141.3241
214.2 141.3188
214.3 141.3135
214.4 141.3082
214.5 141.3029
214.6 141.2976
214.7 141.2923
214.8 141.287
214.9 141.2817
215 141.2764
215.1 141.27096
215.2 141.26552
215.3 141.26008
215.4 141.25464
215.5 141.2492
215.6 141.24376
215.7 141.23832
215.8 141.23288
215.9 141.22744
216 141.222
216.1 141.21657
216.2 141.21114
216.3 141.20571
216.4 141.20028
216.5 141.19485
216.6 141.18942
216.7 141.18399
216.8 141.17856
216.9 141.17313
217 141.1677
217.1 141.16227
217.2 141.15684
217.3 141.15141
217.4 141.14598
217.5 141.14055
217.6 141.13512
217.7 141.12969
217.8 141.12426
217.9 141.11883
218 141.1134
218.1 141.10749
218.2 141.10158
218.3 141.09567
218.4 141.08976
218.5 141.08385
218.6 141.07794
218.7 141.07203
218.8 141.06612
218.9 141.06021
219 141.0543
219.1 141.04791
219.2 141.04152
219.3 141.03513
219.4 141.02874
219.5 141.02235
219.6 141.01596
219.7 141.00957
219.8 141.00318
219.9 140.99679
220 140.9904
220.1 140.98402
220.2 140.97764
220.3 140.97126
220.4 140.96488
220.5 140.9585
220.6 140.95212
220.7 140.94574
220.8 140.93936
220.9 140.93298
221 140.9266
221.1 140.92021
221.2 140.91382
221.3 140.90743
221.4 140.90104
221.5 140.89465
221.6 140.88826
221.7 140.88187
221.8 140.87548
221.9 140.86909
222 140.8627
222.1 140.85592
222.2 140.84914
222.3 140.84236
222.4 140.83558
222.5 140.8288
222.6 140.82202
222.7 140.81524
222.8 140.80846
222.9 140.80168
223 140.7949
223.1 140.78771
223.2 140.78052
223.3 140.77333
223.4 140.76614
223.5 140.75895
223.6 140.75176
223.7 140.74457
223.8 140.73738
223.9 140.73019
224 140.723
224.1 140.71581
224.2 140.70862
224.3 140.70143
224.4 140.69424
224.5 140.68705
224.6 140.67986
224.7 140.67267
224.8 140.66548
224.9 140.65829
225 140.6511
225.1 140.64316
225.2 140.63522
225.3 140.62728
225.4 140.61934
225.5 140.6114
225.6 140.60346
225.7 140.59552
225.8 140.58758
225.9 140.57964
226 140.5717
226.1 140.56356
226.2 140.55542
226.3 140.54728
226.4 140.53914
226.5 140.531
226.6 140.52286
226.7 140.51472
226.8 140.50658
226.9 140.49844
227 140.4903
227.1 140.48133
227.2 140.47236
227.3 140.46339
227.4 140.45442
227.5 140.44545
227.6 140.43648
227.7 140.42751
227.8 140.41854
227.9 140.40957
228 140.4006
228.1 140.39113
228.2 140.38166
228.3 140.37219
228.4 140.36272
228.5 140.35325
228.6 140.34378
228.7 140.33431
228.8 140.32484
228.9 140.31537
229 140.3059
229.1 140.29565
229.2 140.2854
229.3 140.27515
229.4 140.2649
229.5 140.25465
229.6 140.2444
229.7 140.23415
229.8 140.2239
229.9 140.21365
230 140.2034
230.1 140.19275
230.2 140.1821
230.3 140.17145
230.4 140.1608
230.5 140.15015
230.6 140.1395
230.7 140.12885
230.8 140.1182
230.9 140.10755
231 140.0969
231.1 140.08632
231.2 140.07574
231.3 140.06516
231.4 140.05458
231.5 140.044
231.6 140.03342
231.7 140.02284
231.8 140.01226
231.9 140.00168
232 139.9911
232.1 139.97917
232.2 139.96724
232.3 139.95531
232.4 139.94338
232.5 139.93145
232.6 139.91952
232.7 139.90759
232.8 139.89566
232.9 139.88373
233 139.8718
233.1 139.85899
233.2 139.84618
233.3 139.83337
233.4 139.82056
233.5 139.80775
233.6 139.79494
233.7 139.78213
233.8 139.76932
233.9 139.75651
234 139.7437
234.1 139.73003
234.2 139.71636
234.3 139.70269
234.4 139.68902
234.5 139.67535
234.6 139.66168
234.7 139.64801
234.8 139.63434
234.9 139.62067
235 139.607
235.1 139.5905
235.2 139.574
235.3 139.5575
235.4 139.541
235.5 139.5245
235.6 139.508
235.7 139.4915
235.8 139.475
235.9 139.4585
236 139.442
236.1 139.42438
236.2 139.40676
236.3 139.38914
236.4 139.37152
236.5 139.3539
236.6 139.33628
236.7 139.31866
236.8 139.30104
236.9 139.28342
237 139.2658
237.1 139.24817
237.2 139.23054
237.3 139.21291
237.4 139.19528
237.5 139.17765
237.6 139.16002
237.7 139.14239
237.8 139.12476
237.9 139.10713
238 139.0895
238.1 139.07188
238.2 139.05426
238.3 139.03664
238.4 139.01902
238.5 139.0014
238.6 138.98378
238.7 138.96616
238.8 138.94854
238.9 138.93092
239 138.9133
239.1 138.89558
239.2 138.87786
239.3 138.86014
239.4 138.84242
239.5 138.8247
239.6 138.80698
239.7 138.78926
239.8 138.77154
239.9 138.75382
240 138.7361
240.1 138.70896
240.2 138.68182
240.3 138.65468
240.4 138.62754
240.5 138.6004
240.6 138.57326
240.7 138.54612
240.8 138.51898
240.9 138.49184
241 138.4647
241.1 138.43756
241.2 138.41042
241.3 138.38328
241.4 138.35614
241.5 138.329
241.6 138.30186
241.7 138.27472
241.8 138.24758
241.9 138.22044
242 138.1933
242.1 138.16616
242.2 138.13902
242.3 138.11188
242.4 138.08474
242.5 138.0576
242.6 138.03046
242.7 138.00332
242.8 137.97618
242.9 137.94904
243 137.9219
243.1 137.89476
243.2 137.86762
243.3 137.84048
243.4 137.81334
243.5 137.7862
243.6 137.75906
243.7 137.73192
243.8 137.70478
243.9 137.67764
244 137.6505
244.1 137.61916
244.2 137.58782
244.3 137.55648
244.4 137.52514
244.5 137.4938
244.6 137.46246
244.7 137.43112
244.8 137.39978
244.9 137.36844
245 137.3371
245.1 137.29008
245.2 137.24306
245.3 137.19604
245.4 137.14902
245.5 137.102
245.6 137.05498
245.7 137.00796
245.8 136.96094
245.9 136.91392
246 136.8669
246.1 136.81987
246.2 136.77284
246.3 136.72581
246.4 136.67878
246.5 136.63175
246.6 136.58472
246.7 136.53769
246.8 136.49066
246.9 136.44363
247 136.3966
247.1 136.34958
247.2 136.30256
247.3 136.25554
247.4 136.20852
247.5 136.1615
247.6 136.11448
247.7 136.06746
247.8 136.02044
247.9 135.97342
248 135.9264
248.1 135.87938
248.2 135.83236
248.3 135.78534
248.4 135.73832
248.5 135.6913
248.6 135.64428
248.7 135.59726
248.8 135.55024
248.9 135.50322
249 135.4562
249.1 135.39488
249.2 135.33356
249.3 135.27224
249.4 135.21092
249.5 135.1496
249.6 135.08828
249.7 135.02696
249.8 134.96564
249.9 134.90432
250 134.843
250.1 134.75068
250.2 134.65836
250.3 134.56604
250.4 134.47372
250.5 134.3814
250.6 134.28908
250.7 134.19676
250.8 134.10444
250.9 134.01212
251 133.9198
251.1 133.82748
251.2 133.73516
251.3 133.64284
251.4 133.55052
251.5 133.4582
251.6 133.36588
251.7 133.27356
251.8 133.18124
251.9 133.08892
252 132.9966
252.1 132.90428
252.2 132.81196
252.3 132.71964
252.4 132.62732
252.5 132.535
252.6 132.44268
252.7 132.35036
252.8 132.25804
252.9 132.16572
253 132.0734
253.1 131.98108
253.2 131.88876
253.3 131.79644
253.4 131.70412
253.5 131.6118
253.6 131.51948
253.7 131.42716
253.8 131.33484
253.9 131.24252
254 131.1502
254.1 131.02799
254.2 130.90578
254.3 130.78357
254.4 130.66136
254.5 130.53915
254.6 130.41694
254.7 130.29473
254.8 130.17252
254.9 130.05031
255 129.9281
255.1 129.74294
255.2 129.55778
255.3 129.37262
255.4 129.18746
255.5 129.0023
255.6 128.81714
255.7 128.63198
255.8 128.44682
255.9 128.26166
256 128.0765
256.1 127.89135
256.2 127.7062
256.3 127.52105
256.4 127.3359
256.5 127.15075
256.6 126.9656
256.7 126.78045
256.8 126.5953
256.9 126.41015
257 126.225
257.1 126.03984
257.2 125.85468
257.3 125.66952
257.4 125.48436
257.5 125.2992
257.6 125.11404
257.7 124.92888
257.8 124.74372
257.9 124.55856
258 124.3734
258.1 124.1598
258.2 123.9462
258.3 123.7326
258.4 123.519
258.5 123.3054
258.6 123.0918
258.7 122.8782
258.8 122.6646
258.9 122.451
259 122.2374
259.1 121.93021
259.2 121.62302
259.3 121.31583
259.4 121.00864
259.5 120.70145
259.6 120.39426
259.7 120.08707
259.8 119.77988
259.9 119.47269
260 119.1655
260.1 118.85832
260.2 118.55114
260.3 118.24396
260.4 117.93678
260.5 117.6296
260.6 117.32242
260.7 117.01524
260.8 116.70806
260.9 116.40088
261 116.0937
261.1 115.74409
261.2 115.39448
261.3 115.04487
261.4 114.69526
261.5 114.34565
261.6 113.99604
261.7 113.64643
261.8 113.29682
261.9 112.94721
262 112.5976
262.1 112.20676
262.2 111.81592
262.3 111.42508
262.4 111.03424
262.5 110.6434
262.6 110.25256
262.7 109.86172
262.8 109.47088
262.9 109.08004
263 108.6892
263.1 108.28314
263.2 107.87708
263.3 107.47102
263.4 107.06496
263.5 106.6589
263.6 106.25284
263.7 105.84678
263.8 105.44072
263.9 105.03466
264 104.6286
264.1 104.22163
264.2 103.81466
264.3 103.40769
264.4 103.00072
264.5 102.59375
264.6 102.18678
264.7 101.77981
264.8 101.37284
264.9 100.96587
265 100.5589
265.1 100.18351
265.2 99.80812
265.3 99.43273
265.4 99.05734
265.5 98.68195
265.6 98.30656
265.7 97.93117
265.8 97.55578
265.9 97.18039
266 96.805
266.1 96.61268
266.2 96.42036
266.3 96.22804
266.4 96.03572
266.5 95.8434
266.6 95.65108
266.7 95.45876
266.8 95.26644
266.9 95.07412
267 94.8818
267.1 95.10155
267.2 95.3213
267.3 95.54105
267.4 95.7608
267.5 95.98055
267.6 96.2003
267.7 96.42005
267.8 96.6398
267.9 96.85955
268 97.0793
268.1 97.44495
268.2 97.8106
268.3 98.17625
268.4 98.5419
268.5 98.90755
268.6 99.2732
268.7 99.63885
268.8 100.0045
268.9 100.37015
269 100.7358
269.1 101.12458
269.2 101.51336
269.3 101.90214
269.4 102.29092
269.5 102.6797
269.6 103.06848
269.7 103.45726
269.8 103.84604
269.9 104.23482
270 104.6236
270.1 105.00395
270.2 105.3843
270.3 105.76465
270.4 106.145
270.5 106.52535
270.6 106.9057
270.7 107.28605
270.8 107.6664
270.9 108.04675
271 108.4271
271.1 108.78913
271.2 109.15116
271.3 109.51319
271.4 109.87522
271.5 110.23725
271.6 110.59928
271.7 110.96131
271.8 111.32334
271.9 111.68537
272 112.0474
272.1 112.36706
272.2 112.68672
272.3 113.00638
272.4 113.32604
272.5 113.6457
272.6 113.96536
272.7 114.28502
272.8 114.60468
272.9 114.92434
273 115.244
273.1 115.56367
273.2 115.88334
273.3 116.20301
273.4 116.52268
273.5 116.84235
273.6 117.16202
273.7 117.48169
273.8 117.80136
273.9 118.12103
274 118.4407
274.1 118.66371
274.2 118.88672
274.3 119.10973
274.4 119.33274
274.5 119.55575
274.6 119.77876
274.7 120.00177
274.8 120.22478
274.9 120.44779
275 120.6708
275.1 120.88332
275.2 121.09584
275.3 121.30836
275.4 121.52088
275.5 121.7334
275.6 121.94592
275.7 122.15844
275.8 122.37096
275.9 122.58348
276 122.796
276.1 123.00851
276.2 123.22102
276.3 123.43353
276.4 123.64604
276.5 123.85855
276.6 124.07106
276.7 124.28357
276.8 124.49608
276.9 124.70859
277 124.9211
277.1 125.09946
277.2 125.27782
277.3 125.45618
277.4 125.63454
277.5 125.8129
277.6 125.99126
277.7 126.16962
277.8 126.34798
277.9 126.52634
278 126.7047
278.1 126.81221
278.2 126.91972
278.3 127.02723
278.4 127.13474
278.5 127.24225
278.6 127.34976
278.7 127.45727
278.8 127.56478
278.9 127.67229
279 127.7798
279.1 127.88731
279.2 127.99482
279.3 128.10233
279.4 128.20984
279.5 128.31735
279.6 128.42486
279.7 128.53237
279.8 128.63988
279.9 128.74739
280 128.8549
280.1 128.96242
280.2 129.06994
280.3 129.17746
280.4 129.28498
280.5 129.3925
280.6 129.50002
280.7 129.60754
280.8 129.71506
280.9 129.82258
281 129.9301
281.1 130.03761
281.2 130.14512
281.3 130.25263
281.4 130.36014
281.5 130.46765
281.6 130.57516
281.7 130.68267
281.8 130.79018
281.9 130.89769
282 131.0052
282.1 131.11271
282.2 131.22022
282.3 131.32773
282.4 131.43524
282.5 131.54275
282.6 131.65026
282.7 131.75777
282.8 131.86528
282.9 131.97279
283 132.0803
283.1 132.13106
283.2 132.18182
283.3 132.23258
283.4 132.28334
283.5 132.3341
283.6 132.38486
283.7 132.43562
283.8 132.48638
283.9 132.53714
284 132.5879
284.1 132.63631
284.2 132.68472
284.3 132.73313
284.4 132.78154
284.5 132.82995
284.6 132.87836
284.7 132.92677
284.8 132.97518
284.9 133.02359
285 133.072
285.1 133.12041
285.2 133.16882
285.3 133.21723
285.4 133.26564
285.5 133.31405
285.6 133.36246
285.7 133.41087
285.8 133.45928
285.9 133.50769
286 133.5561
286.1 133.60451
286.2 133.65292
286.3 133.70133
286.4 133.74974
286.5 133.79815
286.6 133.84656
286.7 133.89497
286.8 133.94338
286.9 133.99179
287 134.0402
287.1 134.08861
287.2 134.13702
287.3 134.18543
287.4 134.23384
287.5 134.28225
287.6 134.33066
287.7 134.37907
287.8 134.42748
287.9 134.47589
288 134.5243
288.1 134.56515
288.2 134.606
288.3 134.64685
288.4 134.6877
288.5 134.72855
288.6 134.7694
288.7 134.81025
288.8 134.8511
288.9 134.89195
289 134.9328
289.1 134.95599
289.2 134.97918
289.3 135.00237
289.4 135.02556
289.5 135.04875
289.6 135.07194
289.7 135.09513
289.8 135.11832
289.9 135.14151
290 135.1647
290.1 135.18788
290.2 135.21106
290.3 135.23424
290.4 135.25742
290.5 135.2806
290.6 135.30378
290.7 135.32696
290.8 135.35014
290.9 135.37332
291 135.3965
291.1 135.41969
291.2 135.44288
291.3 135.46607
291.4 135.48926
291.5 135.51245
291.6 135.53564
291.7 135.55883
291.8 135.58202
291.9 135.60521
292 135.6284
292.1 135.65158
292.2 135.67476
292.3 135.69794
292.4 135.72112
292.5 135.7443
292.6 135.76748
292.7 135.79066
292.8 135.81384
292.9 135.83702
293 135.8602
293.1 135.88339
293.2 135.90658
293.3 135.92977
293.4 135.95296
293.5 135.97615
293.6 135.99934
293.7 136.02253
293.8 136.04572
293.9 136.06891
294 136.0921
294.1 136.10921
294.2 136.12632
294.3 136.14343
294.4 136.16054
294.5 136.17765
294.6 136.19476
294.7 136.21187
294.8 136.22898
294.9 136.24609
295 136.2632
295.1 136.27483
295.2 136.28646
295.3 136.29809
295.4 136.30972
295.5 136.32135
295.6 136.33298
295.7 136.34461
295.8 136.35624
295.9 136.36787
296 136.3795
296.1 136.39113
296.2 136.40276
296.3 136.41439
296.4 136.42602
296.5 136.43765
296.6 136.44928
296.7 136.46091
296.8 136.47254
296.9 136.48417
297 136.4958
297.1 136.50743
297.2 136.51906
297.3 136.53069
297.4 136.54232
297.5 136.55395
297.6 136.56558
297.7 136.57721
297.8 136.58884
297.9 136.60047
298 136.6121
298.1 136.62374
298.2 136.63538
298.3 136.64702
298.4 136.65866
298.5 136.6703
298.6 136.68194
298.7 136.69358
298.8 136.70522
298.9 136.71686
299 136.7285
299.1 136.74013
299.2 136.75176
299.3 136.76339
299.4 136.77502
299.5 136.78665
299.6 136.79828
299.7 136.80991
299.8 136.82154
299.9 136.83317
300 136.8448
300.1 136.85259
300.2 136.86038
300.3 136.86817
300.4 136.87596
300.5 136.88375
300.6 136.89154
300.7 136.89933
300.8 136.90712
300.9 136.91491
301 136.9227
301.1 136.9283
301.2 136.9339
301.3 136.9395
301.4 136.9451
301.5 136.9507
301.6 136.9563
301.7 136.9619
301.8 136.9675
301.9 136.9731
302 136.9787
302.1 136.98431
302.2 136.98992
302.3 136.99553
302.4 137.00114
302.5 137.00675
302.6 137.01236
302.7 137.01797
302.8 137.02358
302.9 137.02919
303 137.0348
303.1 137.0404
303.2 137.046
303.3 137.0516
303.4 137.0572
303.5 137.0628
303.6 137.0684
303.7 137.074
303.8 137.0796
303.9 137.0852
304 137.0908
304.1 137.0964
304.2 137.102
304.3 137.1076
304.4 137.1132
304.5 137.1188
304.6 137.1244
304.7 137.13
304.8 137.1356
304.9 137.1412
305 137.1468
305.1 137.1524
305.2 137.158
305.3 137.1636
305.4 137.1692
305.5 137.1748
305.6 137.1804
305.7 137.186
305.8 137.1916
305.9 137.1972
306 137.2028
306.1 137.20634
306.2 137.20988
306.3 137.21342
306.4 137.21696
306.5 137.2205
306.6 137.22404
306.7 137.22758
306.8 137.23112
306.9 137.23466
307 137.2382
307.1 137.24052
307.2 137.24284
307.3 137.24516
307.4 137.24748
307.5 137.2498
307.6 137.25212
307.7 137.25444
307.8 137.25676
307.9 137.25908
308 137.2614
308.1 137.26372
308.2 137.26604
308.3 137.26836
308.4 137.27068
308.5 137.273
308.6 137.27532
308.7 137.27764
308.8 137.27996
308.9 137.28228
309 137.2846
309.1 137.28692
309.2 137.28924
309.3 137.29156
309.4 137.29388
309.5 137.2962
309.6 137.29852
309.7 137.30084
309.8 137.30316
309.9 137.30548
310 137.3078
310.1 137.31011
310.2 137.31242
310.3 137.31473
310.4 137.31704
310.5 137.31935
310.6 137.32166
310.7 137.32397
310.8 137.32628
310.9 137.32859
311 137.3309
311.1 137.33322
311.2 137.33554
311.3 137.33786
311.4 137.34018
311.5 137.3425
311.6 137.34482
311.7 137.34714
311.8 137.34946
311.9 137.35178
312 137.3541
312.1 137.35543
312.2 137.35676
312.3 137.35809
312.4 137.35942
312.5 137.36075
312.6 137.36208
312.7 137.36341
312.8 137.36474
312.9 137.36607
313 137.3674
313.1 137.36772
313.2 137.36804
313.3 137.36836
313.4 137.36868
313.5 137.369
313.6 137.36932
313.7 137.36964
313.8 137.36996
313.9 137.37028
314 137.3706
314.1 137.37093
314.2 137.37126
314.3 137.37159
314.4 137.37192
314.5 137.37225
314.6 137.37258
314.7 137.37291
314.8 137.37324
314.9 137.37357
315 137.3739
315.1 137.37423
315.2 137.37456
315.3 137.37489
315.4 137.37522
315.5 137.37555
315.6 137.37588
315.7 137.37621
315.8 137.37654
315.9 137.37687
316 137.3772
316.1 137.37753
316.2 137.37786
316.3 137.37819
316.4 137.37852
316.5 137.37885
316.6 137.37918
316.7 137.37951
316.8 137.37984
316.9 137.38017
317 137.3805
317.1 137.38083
317.2 137.38116
317.3 137.38149
317.4 137.38182
317.5 137.38215
317.6 137.38248
317.7 137.38281
317.8 137.38314
317.9 137.38347
318 137.3838
318.1 137.38383
318.2 137.38386
318.3 137.38389
318.4 137.38392
318.5 137.38395
318.6 137.38398
318.7 137.38401
318.8 137.38404
318.9 137.38407
319 137.3841
319.1 137.38321
319.2 137.38232
319.3 137.38143
319.4 137.38054
319.5 137.37965
319.6 137.37876
319.7 137.37787
319.8 137.37698
319.9 137.37609
320 137.3752
320.1 137.37431
320.2 137.37342
320.3 137.37253
320.4 137.37164
320.5 137.37075
320.6 137.36986
320.7 137.36897
320.8 137.36808
320.9 137.36719
321 137.3663
321.1 137.36542
321.2 137.36454
321.3 137.36366
321.4 137.36278
321.5 137.3619
321.6 137.36102
321.7 137.36014
321.8 137.35926
321.9 137.35838
322 137.3575
322.1 137.35661
322.2 137.35572
322.3 137.35483
322.4 137.35394
322.5 137.35305
322.6 137.35216
322.7 137.35127
322.8 137.35038
322.9 137.34949
323 137.3486
323.1 137.34772
323.2 137.34684
323.3 137.34596
323.4 137.34508
323.5 137.3442
323.6 137.34332
323.7 137.34244
323.8 137.34156
323.9 137.34068
324 137.3398
324.1 137.33891
324.2 137.33802
324.3 137.33713
324.4 137.33624
324.5 137.33535
324.6 137.33446
324.7 137.33357
324.8 137.33268
324.9 137.33179
325 137.3309
325.1 137.32919
325.2 137.32748
325.3 137.32577
325.4 137.32406
325.5 137.32235
325.6 137.32064
325.7 137.31893
325.8 137.31722
325.9 137.31551
326 137.3138
326.1 137.31198
326.2 137.31016
326.3 137.30834
326.4 137.30652
326.5 137.3047
326.6 137.30288
326.7 137.30106
326.8 137.29924
326.9 137.29742
327 137.2956
327.1 137.29377
327.2 137.29194
327.3 137.29011
327.4 137.28828
327.5 137.28645
327.6 137.28462
327.7 137.28279
327.8 137.28096
327.9 137.27913
328 137.2773
328.1 137.27548
328.2 137.27366
328.3 137.27184
328.4 137.27002
328.5 137.2682
328.6 137.26638
328.7 137.26456
328.8 137.26274
328.9 137.26092
329 137.2591
329.1 137.25728
329.2 137.25546
329.3 137.25364
329.4 137.25182
329.5 137.25
329.6 137.24818
329.7 137.24636
329.8 137.24454
329.9 137.24272
330 137.2409
330.1 137.23907
330.2 137.23724
330.3 137.23541
330.4 137.23358
330.5 137.23175
330.6 137.22992
330.7 137.22809
330.8 137.22626
330.9 137.22443
331 137.2226
331.1 137.22051
331.2 137.21842
331.3 137.21633
331.4 137.21424
331.5 137.21215
331.6 137.21006
331.7 137.20797
331.8 137.20588
331.9 137.20379
332 137.2017
332.1 137.19915
332.2 137.1966
332.3 137.19405
332.4 137.1915
332.5 137.18895
332.6 137.1864
332.7 137.18385
332.8 137.1813
332.9 137.17875
333 137.1762
333.1 137.17365
333.2 137.1711
333.3 137.16855
333.4 137.166
333.5 137.16345
333.6 137.1609
333.7 137.15835
333.8 137.1558
333.9 137.15325
334 137.1507
334.1 137.14815
334.2 137.1456
334.3 137.14305
334.4 137.1405
334.5 137.13795
334.6 137.1354
334.7 137.13285
334.8 137.1303
334.9 137.12775
335 137.1252
335.1 137.12265
335.2 137.1201
335.3 137.11755
335.4 137.115
335.5 137.11245
335.6 137.1099
335.7 137.10735
335.8 137.1048
335.9 137.10225
336 137.0997
336.1 137.097
336.2 137.0943
336.3 137.0916
336.4 137.0889
336.5 137.0862
336.6 137.0835
336.7 137.0808
336.8 137.0781
336.9 137.0754
337 137.0727
337.1 137.06993
337.2 137.06716
337.3 137.06439
337.4 137.06162
337.5 137.05885
337.6 137.05608
337.7 137.05331
337.8 137.05054
337.9 137.04777
338 137.045
338.1 137.04222
338.2 137.03944
338.3 137.03666
338.4 137.03388
338.5 137.0311
338.6 137.02832
338.7 137.02554
338.8 137.02276
338.9 137.01998
339 137.0172
339.1 137.01428
339.2 137.01136
339.3 137.00844
339.4 137.00552
339.5 137.0026
339.6 136.99968
339.7 136.99676
339.8 136.99384
339.9 136.99092
340 136.988
340.1 136.98494
340.2 136.98188
340.3 136.97882
340.4 136.97576
340.5 136.9727
340.6 136.96964
340.7 136.96658
340.8 136.96352
340.9 136.96046
341 136.9574
341.1 136.95433
341.2 136.95126
341.3 136.94819
341.4 136.94512
341.5 136.94205
341.6 136.93898
341.7 136.93591
341.8 136.93284
341.9 136.92977
342 136.9267
342.1 136.92363
342.2 136.92056
342.3 136.91749
342.4 136.91442
342.5 136.91135
342.6 136.90828
342.7 136.90521
342.8 136.90214
342.9 136.89907
343 136.896
343.1 136.89285
343.2 136.8897
343.3 136.88655
343.4 136.8834
343.5 136.88025
343.6 136.8771
343.7 136.87395
343.8 136.8708
343.9 136.86765
344 136.8645
344.1 136.86089
344.2 136.85728
344.3 136.85367
344.4 136.85006
344.5 136.84645
344.6 136.84284
344.7 136.83923
344.8 136.83562
344.9 136.83201
345 136.8284
345.1 136.82342
345.2 136.81844
345.3 136.81346
345.4 136.80848
345.5 136.8035
345.6 136.79852
345.7 136.79354
345.8 136.78856
345.9 136.78358
346 136.7786
346.1 136.77716
346.2 136.77572
346.3 136.77428
346.4 136.77284
346.5 136.7714
346.6 136.76996
346.7 136.76852
346.8 136.76708
346.9 136.76564
347 136.7642
347.1 136.76105
347.2 136.7579
347.3 136.75475
347.4 136.7516
347.5 136.74845
347.6 136.7453
347.7 136.74215
347.8 136.739
347.9 136.73585
348 136.7327
348.1 136.72935
348.2 136.726
348.3 136.72265
348.4 136.7193
348.5 136.71595
348.6 136.7126
348.7 136.70925
348.8 136.7059
348.9 136.70255
349 136.6992
349.1 136.69578
349.2 136.69236
349.3 136.68894
349.4 136.68552
349.5 136.6821
349.6 136.67868
349.7 136.67526
349.8 136.67184
349.9 136.66842
350 136.665
350.1 136.66157
350.2 136.65814
350.3 136.65471
350.4 136.65128
350.5 136.64785
350.6 136.64442
350.7 136.64099
350.8 136.63756
350.9 136.63413
351 136.6307
351.1 136.62708
351.2 136.62346
351.3 136.61984
351.4 136.61622
351.5 136.6126
351.6 136.60898
351.7 136.60536
351.8 136.60174
351.9 136.59812
352 136.5945
352.1 136.59084
352.2 136.58718
352.3 136.58352
352.4 136.57986
352.5 136.5762
352.6 136.57254
352.7 136.56888
352.8 136.56522
352.9 136.56156
353 136.5579
353.1 136.55424
353.2 136.55058
353.3 136.54692
353.4 136.54326
353.5 136.5396
353.6 136.53594
353.7 136.53228
353.8 136.52862
353.9 136.52496
354 136.5213
354.1 136.51764
354.2 136.51398
354.3 136.51032
354.4 136.50666
354.5 136.503
354.6 136.49934
354.7 136.49568
354.8 136.49202
354.9 136.48836
355 136.4847
355.1 136.48105
355.2 136.4774
355.3 136.47375
355.4 136.4701
355.5 136.46645
355.6 136.4628
355.7 136.45915
355.8 136.4555
355.9 136.45185
356 136.4482
356.1 136.44455
356.2 136.4409
356.3 136.43725
356.4 136.4336
356.5 136.42995
356.6 136.4263
356.7 136.42265
356.8 136.419
356.9 136.41535
357 136.4117
357.1 136.40804
357.2 136.40438
357.3 136.40072
357.4 136.39706
357.5 136.3934
357.6 136.38974
357.7 136.38608
357.8 136.38242
357.9 136.37876
358 136.3751
358.1 136.37115
358.2 136.3672
358.3 136.36325
358.4 136.3593
358.5 136.35535
358.6 136.3514
358.7 136.34745
358.8 136.3435
358.9 136.33955
359 136.3356
359.1 136.33164
359.2 136.32768
359.3 136.32372
359.4 136.31976
359.5 136.3158
359.6 136.31184
359.7 136.30788
359.8 136.30392
359.9 136.29996
360 136.296
360.1 136.29204
360.2 136.28808
360.3 136.28412
360.4 136.28016
360.5 136.2762
360.6 136.27224
360.7 136.26828
360.8 136.26432
360.9 136.26036
361 136.2564
361.1 136.25244
361.2 136.24848
361.3 136.24452
361.4 136.24056
361.5 136.2366
361.6 136.23264
361.7 136.22868
361.8 136.22472
361.9 136.22076
362 136.2168
362.1 136.21283
362.2 136.20886
362.3 136.20489
362.4 136.20092
362.5 136.19695
362.6 136.19298
362.7 136.18901
362.8 136.18504
362.9 136.18107
363 136.1771
363.1 136.17314
363.2 136.16918
363.3 136.16522
363.4 136.16126
363.5 136.1573
363.6 136.15334
363.7 136.14938
363.8 136.14542
363.9 136.14146
364 136.1375
364.1 136.13315
364.2 136.1288
364.3 136.12445
364.4 136.1201
364.5 136.11575
364.6 136.1114
364.7 136.10705
364.8 136.1027
364.9 136.09835
365 136.094
365.1 136.08959
365.2 136.08518
365.3 136.08077
365.4 136.07636
365.5 136.07195
365.6 136.06754
365.7 136.06313
365.8 136.05872
365.9 136.05431
366 136.0499
366.1 136.0455
366.2 136.0411
366.3 136.0367
366.4 136.0323
366.5 136.0279
366.6 136.0235
366.7 136.0191
366.8 136.0147
366.9 136.0103
367 136.0059
367.1 136.00149
367.2 135.99708
367.3 135.99267
367.4 135.98826
367.5 135.98385
367.6 135.97944
367.7 135.97503
367.8 135.97062
367.9 135.96621
368 135.9618
368.1 135.9574
368.2 135.953
368.3 135.9486
368.4 135.9442
368.5 135.9398
368.6 135.9354
368.7 135.931
368.8 135.9266
368.9 135.9222
369 135.9178
369.1 135.91333
369.2 135.90886
369.3 135.90439
369.4 135.89992
369.5 135.89545
369.6 135.89098
369.7 135.88651
369.8 135.88204
369.9 135.87757
370 135.8731
370.1 135.86857
370.2 135.86404
370.3 135.85951
370.4 135.85498
370.5 135.85045
370.6 135.84592
370.7 135.84139
370.8 135.83686
370.9 135.83233
371 135.8278
371.1 135.82327
371.2 135.81874
371.3 135.81421
371.4 135.80968
371.5 135.80515
371.6 135.80062
371.7 135.79609
371.8 135.79156
371.9 135.78703
372 135.7825
372.1 135.77797
372.2 135.77344
372.3 135.76891
372.4 135.76438
372.5 135.75985
372.6 135.75532
372.7 135.75079
372.8 135.74626
372.9 135.74173
373 135.7372
373.1 135.73253
373.2 135.72786
373.3 135.72319
373.4 135.71852
373.5 135.71385
373.6 135.70918
373.7 135.70451
373.8 135.69984
373.9 135.69517
374 135.6905
374.1 135.68582
374.2 135.68114
374.3 135.67646
374.4 135.67178
374.5 135.6671
374.6 135.66242
374.7 135.65774
374.8 135.65306
374.9 135.64838
375 135.6437
375.1 135.63904
375.2 135.63438
375.3 135.62972
375.4 135.62506
375.5 135.6204
375.6 135.61574
375.7 135.61108
375.8 135.60642
375.9 135.60176
376 135.5971
376.1 135.59244
376.2 135.58778
376.3 135.58312
376.4 135.57846
376.5 135.5738
376.6 135.56914
376.7 135.56448
376.8 135.55982
376.9 135.55516
377 135.5505
377.1 135.54562
377.2 135.54074
377.3 135.53586
377.4 135.53098
377.5 135.5261
377.6 135.52122
377.7 135.51634
377.8 135.51146
377.9 135.50658
378 135.5017
378.1 135.49707
378.2 135.49244
378.3 135.48781
378.4 135.48318
378.5 135.47855
378.6 135.47392
378.7 135.46929
378.8 135.46466
378.9 135.46003
379 135.4554
379.1 135.4508
379.2 135.4462
379.3 135.4416
379.4 135.437
379.5 135.4324
379.6 135.4278
379.7 135.4232
379.8 135.4186
379.9 135.414
380 135.4094
380.1 135.4043
380.2 135.3992
380.3 135.3941
380.4 135.389
380.5 135.3839
380.6 135.3788
380.7 135.3737
380.8 135.3686
380.9 135.3635
381 135.3584
381.1 135.35362
381.2 135.34884
381.3 135.34406
381.4 135.33928
381.5 135.3345
381.6 135.32972
381.7 135.32494
381.8 135.32016
381.9 135.31538
382 135.3106
382.1 135.30572
382.2 135.30084
382.3 135.29596
382.4 135.29108
382.5 135.2862
382.6 135.28132
382.7 135.27644
382.8 135.27156
382.9 135.26668
383 135.2618
383.1 135.25681
383.2 135.25182
383.3 135.24683
383.4 135.24184
383.5 135.23685
383.6 135.23186
383.7 135.22687
383.8 135.22188
383.9 135.21689
384 135.2119
384.1 135.20692
384.2 135.20194
384.3 135.19696
384.4 135.19198
384.5 135.187
384.6 135.18202
384.7 135.17704
384.8 135.17206
384.9 135.16708
385 135.1621
385.1 135.15713
385.2 135.15216
385.3 135.14719
385.4 135.14222
385.5 135.13725
385.6 135.13228
385.7 135.12731
385.8 135.12234
385.9 135.11737
386 135.1124
386.1 135.10743
386.2 135.10246
386.3 135.09749
386.4 135.09252
386.5 135.08755
386.6 135.08258
386.7 135.07761
386.8 135.07264
386.9 135.06767
387 135.0627
387.1 135.05774
387.2 135.05278
387.3 135.04782
387.4 135.04286
387.5 135.0379
387.6 135.03294
387.7 135.02798
387.8 135.02302
387.9 135.01806
388 135.0131
388.1 135.00801
388.2 135.00292
388.3 134.99783
388.4 134.99274
388.5 134.98765
388.6 134.98256
388.7 134.97747
388.8 134.97238
388.9 134.96729
389 134.9622
389.1 134.95696
389.2 134.95172
389.3 134.94648
389.4 134.94124
389.5 134.936
389.6 134.93076
389.7 134.92552
389.8 134.92028
389.9 134.91504
390 134.9098
390.1 134.90456
390.2 134.89932
390.3 134.89408
390.4 134.88884
390.5 134.8836
390.6 134.87836
390.7 134.87312
390.8 134.86788
390.9 134.86264
391 134.8574
391.1 134.85216
391.2 134.84692
391.3 134.84168
391.4 134.83644
391.5 134.8312
391.6 134.82596
391.7 134.82072
391.8 134.81548
391.9 134.81024
392 134.805
392.1 134.79971
392.2 134.79442
392.3 134.78913
392.4 134.78384
392.5 134.77855
392.6 134.77326
392.7 134.76797
392.8 134.76268
392.9 134.75739
393 134.7521
393.1 134.74669
393.2 134.74128
393.3 134.73587
393.4 134.73046
393.5 134.72505
393.6 134.71964
393.7 134.71423
393.8 134.70882
393.9 134.70341
394 134.698
394.1 134.69259
394.2 134.68718
394.3 134.68177
394.4 134.67636
394.5 134.67095
394.6 134.66554
394.7 134.66013
394.8 134.65472
394.9 134.64931
395 134.6439
395.1 134.63849
395.2 134.63308
395.3 134.62767
395.4 134.62226
395.5 134.61685
395.6 134.61144
395.7 134.60603
395.8 134.60062
395.9 134.59521
396 134.5898
396.1 134.58438
396.2 134.57896
396.3 134.57354
396.4 134.56812
396.5 134.5627
396.6 134.55728
396.7 134.55186
396.8 134.54644
396.9 134.54102
397 134.5356
397.1 134.53019
397.2 134.52478
397.3 134.51937
397.4 134.51396
397.5 134.50855
397.6 134.50314
397.7 134.49773
397.8 134.49232
397.9 134.48691
398 134.4815
398.1 134.47609
398.2 134.47068
398.3 134.46527
398.4 134.45986
398.5 134.45445
398.6 134.44904
398.7 134.44363
398.8 134.43822
398.9 134.43281
399 134.4274
399.1 134.42155
399.2 134.4157
399.3 134.40985
399.4 134.404
399.5 134.39815
399.6 134.3923
399.7 134.38645
399.8 134.3806
399.9 134.37475
400 134.3689
400.1 134.36305
400.2 134.3572
400.3 134.35135
400.4 134.3455
400.5 134.33965
400.6 134.3338
400.7 134.32795
400.8 134.3221
400.9 134.31625
401 134.3104
401.1 134.30455
401.2 134.2987
401.3 134.29285
401.4 134.287
401.5 134.28115
401.6 134.2753
401.7 134.26945
401.8 134.2636
401.9 134.25775
402 134.2519
402.1 134.24604
402.2 134.24018
402.3 134.23432
402.4 134.22846
402.5 134.2226
402.6 134.21674
402.7 134.21088
402.8 134.20502
402.9 134.19916
403 134.1933
403.1 134.18745
403.2 134.1816
403.3 134.17575
403.4 134.1699
403.5 134.16405
403.6 134.1582
403.7 134.15235
403.8 134.1465
403.9 134.14065
404 134.1348
404.1 134.12895
404.2 134.1231
404.3 134.11725
404.4 134.1114
404.5 134.10555
404.6 134.0997
404.7 134.09385
404.8 134.088
404.9 134.08215
405 134.0763
405.1 134.07045
405.2 134.0646
405.3 134.05875
405.4 134.0529
405.5 134.04705
405.6 134.0412
405.7 134.03535
405.8 134.0295
405.9 134.02365
406 134.0178
406.1 134.01194
406.2 134.00608
406.3 134.00022
406.4 133.99436
406.5 133.9885
406.6 133.98264
406.7 133.97678
406.8 133.97092
406.9 133.96506
407 133.9592
407.1 133.95296
407.2 133.94672
407.3 133.94048
407.4 133.93424
407.5 133.928
407.6 133.92176
407.7 133.91552
407.8 133.90928
407.9 133.90304
408 133.8968
408.1 133.89055
408.2 133.8843
408.3 133.87805
408.4 133.8718
408.5 133.86555
408.6 133.8593
408.7 133.85305
408.8 133.8468
408.9 133.84055
409 133.8343
409.1 133.82806
409.2 133.82182
409.3 133.81558
409.4 133.80934
409.5 133.8031
409.6 133.79686
409.7 133.79062
409.8 133.78438
409.9 133.77814
410 133.7719
410.1 133.76565
410.2 133.7594
410.3 133.75315
410.4 133.7469
410.5 133.74065
410.6 133.7344
410.7 133.72815
410.8 133.7219
410.9 133.71565
411 133.7094
411.1 133.70316
411.2 133.69692
411.3 133.69068
411.4 133.68444
411.5 133.6782
411.6 133.67196
411.7 133.66572
411.8 133.65948
411.9 133.65324
412 133.647
412.1 133.64076
412.2 133.63452
412.3 133.62828
412.4 133.62204
412.5 133.6158
412.6 133.60956
412.7 133.60332
412.8 133.59708
412.9 133.59084
413 133.5846
413.1 133.57835
413.2 133.5721
413.3 133.56585
413.4 133.5596
413.5 133.55335
413.6 133.5471
413.7 133.54085
413.8 133.5346
413.9 133.52835
414 133.5221
414.1 133.51586
414.2 133.50962
414.3 133.50338
414.4 133.49714
414.5 133.4909
414.6 133.48466
414.7 133.47842
414.8 133.47218
414.9 133.46594
415 133.4597
415.1 133.45305
415.2 133.4464
415.3 133.43975
415.4 133.4331
415.5 133.42645
415.6 133.4198
415.7 133.41315
415.8 133.4065
415.9 133.39985
416 133.3932
416.1 133.38648
416.2 133.37976
416.3 133.37304
416.4 133.36632
416.5 133.3596
416.6 133.35288
416.7 133.34616
416.8 133.33944
416.9 133.33272
417 133.326
417.1 133.31928
417.2 133.31256
417.3 133.30584
417.4 133.29912
417.5 133.2924
417.6 133.28568
417.7 133.27896
417.8 133.27224
417.9 133.26552
418 133.2588
418.1 133.25208
418.2 133.24536
418.3 133.23864
418.4 133.23192
418.5 133.2252
418.6 133.21848
418.7 133.21176
418.8 133.20504
418.9 133.19832
419 133.1916
419.1 133.18488
419.2 133.17816
419.3 133.17144
419.4 133.16472
419.5 133.158
419.6 133.15128
419.7 133.14456
419.8 133.13784
419.9 133.13112
420 133.1244
420.1 133.11768
420.2 133.11096
420.3 133.10424
420.4 133.09752
420.5 133.0908
420.6 133.08408
420.7 133.07736
420.8 133.07064
420.9 133.06392
421 133.0572
421.1 133.05049
421.2 133.04378
421.3 133.03707
421.4 133.03036
421.5 133.02365
421.6 133.01694
421.7 133.01023
421.8 133.00352
421.9 132.99681
422 132.9901
422.1 132.98338
422.2 132.97666
422.3 132.96994
422.4 132.96322
422.5 132.9565
422.6 132.94978
422.7 132.94306
422.8 132.93634
422.9 132.92962
423 132.9229
423.1 132.91585
423.2 132.9088
423.3 132.90175
423.4 132.8947
423.5 132.88765
423.6 132.8806
423.7 132.87355
423.8 132.8665
423.9 132.85945
424 132.8524
424.1 132.84509
424.2 132.83778
424.3 132.83047
424.4 132.82316
424.5 132.81585
424.6 132.80854
424.7 132.80123
424.8 132.79392
424.9 132.78661
425 132.7793
425.1 132.77199
425.2 132.76468
425.3 132.75737
425.4 132.75006
425.5 132.74275
425.6 132.73544
425.7 132.72813
425.8 132.72082
425.9 132.71351
426 132.7062
426.1 132.69889
426.2 132.69158
426.3 132.68427
426.4 132.67696
426.5 132.66965
426.6 132.66234
426.7 132.65503
426.8 132.64772
426.9 132.64041
427 132.6331
427.1 132.62579
427.2 132.61848
427.3 132.61117
427.4 132.60386
427.5 132.59655
427.6 132.58924
427.7 132.58193
427.8 132.57462
427.9 132.56731
428 132.56
428.1 132.55269
428.2 132.54538
428.3 132.53807
428.4 132.53076
428.5 132.52345
428.6 132.51614
428.7 132.50883
428.8 132.50152
428.9 132.49421
429 132.4869
429.1 132.47959
429.2 132.47228
429.3 132.46497
429.4 132.45766
429.5 132.45035
429.6 132.44304
429.7 132.43573
429.8 132.42842
429.9 132.42111
430 132.4138
430.1 132.40649
430.2 132.39918
430.3 132.39187
430.4 132.38456
430.5 132.37725
430.6 132.36994
430.7 132.36263
430.8 132.35532
430.9 132.34801
431 132.3407
431.1 132.33314
431.2 132.32558
431.3 132.31802
431.4 132.31046
431.5 132.3029
431.6 132.29534
431.7 132.28778
431.8 132.28022
431.9 132.27266
432 132.2651
432.1 132.25713
432.2 132.24916
432.3 132.24119
432.4 132.23322
432.5 132.22525
432.6 132.21728
432.7 132.20931
432.8 132.20134
432.9 132.19337
433 132.1854
433.1 132.17743
433.2 132.16946
433.3 132.16149
433.4 132.15352
433.5 132.14555
433.6 132.13758
433.7 132.12961
433.8 132.12164
433.9 132.11367
434 132.1057
434.1 132.09773
434.2 132.08976
434.3 132.08179
434.4 132.07382
434.5 132.06585
434.6 132.05788
434.7 132.04991
434.8 132.04194
434.9 132.03397
435 132.026
435.1 132.01803
435.2 132.01006
435.3 132.00209
435.4 131.99412
435.5 131.98615
435.6 131.97818
435.7 131.97021
435.8 131.96224
435.9 131.95427
436 131.9463
436.1 131.93833
436.2 131.93036
436.3 131.92239
436.4 131.91442
436.5 131.90645
436.6 131.89848
436.7 131.89051
436.8 131.88254
436.9 131.87457
437 131.8666
437.1 131.85805
437.2 131.8495
437.3 131.84095
437.4 131.8324
437.5 131.82385
437.6 131.8153
437.7 131.80675
437.8 131.7982
437.9 131.78965
438 131.7811
438.1 131.7725
438.2 131.7639
438.3 131.7553
438.4 131.7467
438.5 131.7381
438.6 131.7295
438.7 131.7209
438.8 131.7123
438.9 131.7037
439 131.6951
439.1 131.68649
439.2 131.67788
439.3 131.66927
439.4 131.66066
439.5 131.65205
439.6 131.64344
439.7 131.63483
439.8 131.62622
439.9 131.61761
440 131.609
440.1 131.60027
440.2 131.59154
440.3 131.58281
440.4 131.57408
440.5 131.56535
440.6 131.55662
440.7 131.54789
440.8 131.53916
440.9 131.53043
441 131.5217
441.1 131.51261
441.2 131.50352
441.3 131.49443
441.4 131.48534
441.5 131.47625
441.6 131.46716
441.7 131.45807
441.8 131.44898
441.9 131.43989
442 131.4308
442.1 131.42171
442.2 131.41262
442.3 131.40353
442.4 131.39444
442.5 131.38535
442.6 131.37626
442.7 131.36717
442.8 131.35808
442.9 131.34899
443 131.3399
443.1 131.33057
443.2 131.32124
443.3 131.31191
443.4 131.30258
443.5 131.29325
443.6 131.28392
443.7 131.27459
443.8 131.26526
443.9 131.25593
444 131.2466
444.1 131.2372
444.2 131.2278
444.3 131.2184
444.4 131.209
444.5 131.1996
444.6 131.1902
444.7 131.1808
444.8 131.1714
444.9 131.162
445 131.1526
445.1 131.1431
445.2 131.1336
445.3 131.1241
445.4 131.1146
445.5 131.1051
445.6 131.0956
445.7 131.0861
445.8 131.0766
445.9 131.0671
446 131.0576
446.1 131.04784
446.2 131.03808
446.3 131.02832
446.4 131.01856
446.5 131.0088
446.6 130.99904
446.7 130.98928
446.8 130.97952
446.9 130.96976
447 130.96
447.1 130.95029
447.2 130.94058
447.3 130.93087
447.4 130.92116
447.5 130.91145
447.6 130.90174
447.7 130.89203
447.8 130.88232
447.9 130.87261
448 130.8629
448.1 130.85269
448.2 130.84248
448.3 130.83227
448.4 130.82206
448.5 130.81185
448.6 130.80164
448.7 130.79143
448.8 130.78122
448.9 130.77101
449 130.7608
449.1 130.7507
449.2 130.7406
449.3 130.7305
449.4 130.7204
449.5 130.7103
449.6 130.7002
449.7 130.6901
449.8 130.68
449.9 130.6699
450 130.6598
450.1 130.64933
450.2 130.63886
450.3 130.62839
450.4 130.61792
450.5 130.60745
450.6 130.59698
450.7 130.58651
450.8 130.57604
450.9 130.56557
451 130.5551
451.1 130.54446
451.2 130.53382
451.3 130.52318
451.4 130.51254
451.5 130.5019
451.6 130.49126
451.7 130.48062
451.8 130.46998
451.9 130.45934
452 130.4487
452.1 130.43803
452.2 130.42736
452.3 130.41669
452.4 130.40602
452.5 130.39535
452.6 130.38468
452.7 130.37401
452.8 130.36334
452.9 130.35267
453 130.342
453.1 130.33091
453.2 130.31982
453.3 130.30873
453.4 130.29764
453.5 130.28655
453.6 130.27546
453.7 130.26437
453.8 130.25328
453.9 130.24219
454 130.2311
454.1 130.21996
454.2 130.20882
454.3 130.19768
454.4 130.18654
454.5 130.1754
454.6 130.16426
454.7 130.15312
454.8 130.14198
454.9 130.13084
455 130.1197
455.1 130.10847
455.2 130.09724
455.3 130.08601
455.4 130.07478
455.5 130.06355
455.6 130.05232
455.7 130.04109
455.8 130.02986
455.9 130.01863
456 130.0074
456.1 129.99585
456.2 129.9843
456.3 129.97275
456.4 129.9612
456.5 129.94965
456.6 129.9381
456.7 129.92655
456.8 129.915
456.9 129.90345
457 129.8919
457.1 129.88014
457.2 129.86838
457.3 129.85662
457.4 129.84486
457.5 129.8331
457.6 129.82134
457.7 129.80958
457.8 129.79782
457.9 129.78606
458 129.7743
458.1 129.76221
458.2 129.75012
458.3 129.73803
458.4 129.72594
458.5 129.71385
458.6 129.70176
458.7 129.68967
458.8 129.67758
458.9 129.66549
459 129.6534
459.1 129.64092
459.2 129.62844
459.3 129.61596
459.4 129.60348
459.5 129.591
459.6 129.57852
459.7 129.56604
459.8 129.55356
459.9 129.54108
460 129.5286
460.1 129.51565
460.2 129.5027
460.3 129.48975
460.4 129.4768
460.5 129.46385
460.6 129.4509
460.7 129.43795
460.8 129.425
460.9 129.41205
461 129.3991
461.1 129.38665
461.2 129.3742
461.3 129.36175
461.4 129.3493
461.5 129.33685
461.6 129.3244
461.7 129.31195
461.8 129.2995
461.9 129.28705
462 129.2746
462.1 129.26192
462.2 129.24924
462.3 129.23656
462.4 129.22388
462.5 129.2112
462.6 129.19852
462.7 129.18584
462.8 129.17316
462.9 129.16048
463 129.1478
463.1 129.13464
463.2 129.12148
463.3 129.10832
463.4 129.09516
463.5 129.082
463.6 129.06884
463.7 129.05568
463.8 129.04252
463.9 129.02936
464 129.0162
464.1 129.00265
464.2 128.9891
464.3 128.97555
464.4 128.962
464.5 128.94845
464.6 128.9349
464.7 128.92135
464.8 128.9078
464.9 128.89425
465 128.8807
465.1 128.86661
465.2 128.85252
465.3 128.83843
465.4 128.82434
465.5 128.81025
465.6 128.79616
465.7 128.78207
465.8 128.76798
465.9 128.75389
466 128.7398
466.1 128.72562
466.2 128.71144
466.3 128.69726
466.4 128.68308
466.5 128.6689
466.6 128.65472
466.7 128.64054
466.8 128.62636
466.9 128.61218
467 128.598
467.1 128.58304
467.2 128.56808
467.3 128.55312
467.4 128.53816
467.5 128.5232
467.6 128.50824
467.7 128.49328
467.8 128.47832
467.9 128.46336
468 128.4484
468.1 128.43323
468.2 128.41806
468.3 128.40289
468.4 128.38772
468.5 128.37255
468.6 128.35738
468.7 128.34221
468.8 128.32704
468.9 128.31187
469 128.2967
469.1 128.28153
469.2 128.26636
469.3 128.25119
469.4 128.23602
469.5 128.22085
469.6 128.20568
469.7 128.19051
469.8 128.17534
469.9 128.16017
470 128.145
470.1 128.12788
470.2 128.11076
470.3 128.09364
470.4 128.07652
470.5 128.0594
470.6 128.04228
470.7 128.02516
470.8 128.00804
470.9 127.99092
471 127.9738
471.1 127.95583
471.2 127.93786
471.3 127.91989
471.4 127.90192
471.5 127.88395
471.6 127.86598
471.7 127.84801
471.8 127.83004
471.9 127.81207
472 127.7941
472.1 127.77614
472.2 127.75818
472.3 127.74022
472.4 127.72226
472.5 127.7043
472.6 127.68634
472.7 127.66838
472.8 127.65042
472.9 127.63246
473 127.6145
473.1 127.59653
473.2 127.57856
473.3 127.56059
473.4 127.54262
473.5 127.52465
473.6 127.50668
473.7 127.48871
473.8 127.47074
473.9 127.45277
474 127.4348
474.1 127.41683
474.2 127.39886
474.3 127.38089
474.4 127.36292
474.5 127.34495
474.6 127.32698
474.7 127.30901
474.8 127.29104
474.9 127.27307
475 127.2551
475.1 127.23713
475.2 127.21916
475.3 127.20119
475.4 127.18322
475.5 127.16525
475.6 127.14728
475.7 127.12931
475.8 127.11134
475.9 127.09337
476 127.0754
476.1 127.05743
476.2 127.03946
476.3 127.02149
476.4 127.00352
476.5 126.98555
476.6 126.96758
476.7 126.94961
476.8 126.93164
476.9 126.91367
477 126.8957
477.1 126.87774
477.2 126.85978
477.3 126.84182
477.4 126.82386
477.5 126.8059
477.6 126.78794
477.7 126.76998
477.8 126.75202
477.9 126.73406
478 126.7161
478.1 126.69813
478.2 126.68016
478.3 126.66219
478.4 126.64422
478.5 126.62625
478.6 126.60828
478.7 126.59031
478.8 126.57234
478.9 126.55437
479 126.5364
479.1 126.51657
479.2 126.49674
479.3 126.47691
479.4 126.45708
479.5 126.43725
479.6 126.41742
479.7 126.39759
479.8 126.37776
479.9 126.35793
480 126.3381
480.1 126.31367
480.2 126.28924
480.3 126.26481
480.4 126.24038
480.5 126.21595
480.6 126.19152
480.7 126.16709
480.8 126.14266
480.9 126.11823
481 126.0938
481.1 126.06938
481.2 126.04496
481.3 126.02054
481.4 125.99612
481.5 125.9717
481.6 125.94728
481.7 125.92286
481.8 125.89844
481.9 125.87402
482 125.8496
482.1 125.82518
482.2 125.80076
482.3 125.77634
482.4 125.75192
482.5 125.7275
482.6 125.70308
482.7 125.67866
482.8 125.65424
482.9 125.62982
483 125.6054
483.1 125.58097
483.2 125.55654
483.3 125.53211
483.4 125.50768
483.5 125.48325
483.6 125.45882
483.7 125.43439
483.8 125.40996
483.9 125.38553
484 125.3611
484.1 125.33668
484.2 125.31226
484.3 125.28784
484.4 125.26342
484.5 125.239
484.6 125.21458
484.7 125.19016
484.8 125.16574
484.9 125.14132
485 125.1169
485.1 125.09247
485.2 125.06804
485.3 125.04361
485.4 125.01918
485.5 124.99475
485.6 124.97032
485.7 124.94589
485.8 124.92146
485.9 124.89703
486 124.8726
486.1 124.84818
486.2 124.82376
486.3 124.79934
486.4 124.77492
486.5 124.7505
486.6 124.72608
486.7 124.70166
486.8 124.67724
486.9 124.65282
487 124.6284
487.1 124.60398
487.2 124.57956
487.3 124.55514
487.4 124.53072
487.5 124.5063
487.6 124.48188
487.7 124.45746
487.8 124.43304
487.9 124.40862
488 124.3842
488.1 124.35977
488.2 124.33534
488.3 124.31091
488.4 124.28648
488.5 124.26205
488.6 124.23762
488.7 124.21319
488.8 124.18876
488.9 124.16433
489 124.1399
489.1 124.1076
489.2 124.0753
489.3 124.043
489.4 124.0107
489.5 123.9784
489.6 123.9461
489.7 123.9138
489.8 123.8815
489.9 123.8492
490 123.8169
490.1 123.78112
490.2 123.74534
490.3 123.70956
490.4 123.67378
490.5 123.638
490.6 123.60222
490.7 123.56644
490.8 123.53066
490.9 123.49488
491 123.4591
491.1 123.42333
491.2 123.38756
491.3 123.35179
491.4 123.31602
491.5 123.28025
491.6 123.24448
491.7 123.20871
491.8 123.17294
491.9 123.13717
492 123.1014
492.1 123.06562
492.2 123.02984
492.3 122.99406
492.4 122.95828
492.5 122.9225
492.6 122.88672
492.7 122.85094
492.8 122.81516
492.9 122.77938
493 122.7436
493.1 122.70782
493.2 122.67204
493.3 122.63626
493.4 122.60048
493.5 122.5647
493.6 122.52892
493.7 122.49314
493.8 122.45736
493.9 122.42158
494 122.3858
494.1 122.35003
494.2 122.31426
494.3 122.27849
494.4 122.24272
494.5 122.20695
494.6 122.17118
494.7 122.13541
494.8 122.09964
494.9 122.06387
495 122.0281
495.1 121.99232
495.2 121.95654
495.3 121.92076
495.4 121.88498
495.5 121.8492
495.6 121.81342
495.7 121.77764
495.8 121.74186
495.9 121.70608
496 121.6703
496.1 121.63453
496.2 121.59876
496.3 121.56299
496.4 121.52722
496.5 121.49145
496.6 121.45568
496.7 121.41991
496.8 121.38414
496.9 121.34837
497 121.3126
497.1 121.27682
497.2 121.24104
497.3 121.20526
497.4 121.16948
497.5 121.1337
497.6 121.09792
497.7 121.06214
497.8 121.02636
497.9 120.99058
498 120.9548
498.1 120.91902
498.2 120.88324
498.3 120.84746
498.4 120.81168
498.5 120.7759
498.6 120.74012
498.7 120.70434
498.8 120.66856
498.9 120.63278
499 120.597
499.1 120.54226
499.2 120.48752
499.3 120.43278
499.4 120.37804
499.5 120.3233
499.6 120.26856
499.7 120.21382
499.8 120.15908
499.9 120.10434
500 120.0496
500.1 119.99293
500.2 119.93626
500.3 119.87959
500.4 119.82292
500.5 119.76625
500.6 119.70958
500.7 119.65291
500.8 119.59624
500.9 119.53957
501 119.4829
501.1 119.42624
501.2 119.36958
501.3 119.31292
501.4 119.25626
501.5 119.1996
501.6 119.14294
501.7 119.08628
501.8 119.02962
501.9 118.97296
502 118.9163
502.1 118.85963
502.2 118.80296
502.3 118.74629
502.4 118.68962
502.5 118.63295
502.6 118.57628
502.7 118.51961
502.8 118.46294
502.9 118.40627
503 118.3496
503.1 118.29294
503.2 118.23628
503.3 118.17962
503.4 118.12296
503.5 118.0663
503.6 118.00964
503.7 117.95298
503.8 117.89632
503.9 117.83966
504 117.783
504.1 117.72633
504.2 117.66966
504.3 117.61299
504.4 117.55632
504.5 117.49965
504.6 117.44298
504.7 117.38631
504.8 117.32964
504.9 117.27297
505 117.2163
505.1 117.15963
505.2 117.10296
505.3 117.04629
505.4 116.98962
505.5 116.93295
505.6 116.87628
505.7 116.81961
505.8 116.76294
505.9 116.70627
506 116.6496
506.1 116.59294
506.2 116.53628
506.3 116.47962
506.4 116.42296
506.5 116.3663
506.6 116.30964
506.7 116.25298
506.8 116.19632
506.9 116.13966
507 116.083
507.1 116.02633
507.2 115.96966
507.3 115.91299
507.4 115.85632
507.5 115.79965
507.6 115.74298
507.7 115.68631
507.8 115.62964
507.9 115.57297
508 115.5163
508.1 115.45964
508.2 115.40298
508.3 115.34632
508.4 115.28966
508.5 115.233
508.6 115.17634
508.7 115.11968
508.8 115.06302
508.9 115.00636
509 114.9497
509.1 114.86471
509.2 114.77972
509.3 114.69473
509.4 114.60974
509.5 114.52475
509.6 114.43976
509.7 114.35477
509.8 114.26978
509.9 114.18479
510 114.0998
510.1 114.01256
510.2 113.92532
510.3 113.83808
510.4 113.75084
510.5 113.6636
510.6 113.57636
510.7 113.48912
510.8 113.40188
510.9 113.31464
511 113.2274
511.1 113.14015
511.2 113.0529
511.3 112.96565
511.4 112.8784
511.5 112.79115
511.6 112.7039
511.7 112.61665
511.8 112.5294
511.9 112.44215
512 112.3549
512.1 112.26766
512.2 112.18042
512.3 112.09318
512.4 112.00594
512.5 111.9187
512.6 111.83146
512.7 111.74422
512.8 111.65698
512.9 111.56974
513 111.4825
513.1 111.39525
513.2 111.308
513.3 111.22075
513.4 111.1335
513.5 111.04625
513.6 110.959
513.7 110.87175
513.8 110.7845
513.9 110.69725
514 110.61
514.1 110.52276
514.2 110.43552
514.3 110.34828
514.4 110.26104
514.5 110.1738
514.6 110.08656
514.7 109.99932
514.8 109.91208
514.9 109.82484
515 109.7376
515.1 109.65035
515.2 109.5631
515.3 109.47585
515.4 109.3886
515.5 109.30135
515.6 109.2141
515.7 109.12685
515.8 109.0396
515.9 108.95235
516 108.8651
516.1 108.77786
516.2 108.69062
516.3 108.60338
516.4 108.51614
516.5 108.4289
516.6 108.34166
516.7 108.25442
516.8 108.16718
516.9 108.07994
517 107.9927
517.1 107.89054
517.2 107.78838
517.3 107.68622
517.4 107.58406
517.5 107.4819
517.6 107.37974
517.7 107.27758
517.8 107.17542
517.9 107.07326
518 106.9711
518.1 106.8621
518.2 106.7531
518.3 106.6441
518.4 106.5351
518.5 106.4261
518.6 106.3171
518.7 106.2081
518.8 106.0991
518.9 105.9901
519 105.8811
519.1 105.77211
519.2 105.66312
519.3 105.55413
519.4 105.44514
519.5 105.33615
519.6 105.22716
519.7 105.11817
519.8 105.00918
519.9 104.90019
520 104.7912
520.1 104.68221
520.2 104.57322
520.3 104.46423
520.4 104.35524
520.5 104.24625
520.6 104.13726
520.7 104.02827
520.8 103.91928
520.9 103.81029
521 103.7013
521.1 103.5923
521.2 103.4833
521.3 103.3743
521.4 103.2653
521.5 103.1563
521.6 103.0473
521.7 102.9383
521.8 102.8293
521.9 102.7203
522 102.6113
522.1 102.50137
522.2 102.39144
522.3 102.28151
522.4 102.17158
522.5 102.06165
522.6 101.95172
522.7 101.84179
522.8 101.73186
522.9 101.62193
523 101.512
523.1 101.39812
523.2 101.28424
523.3 101.17036
523.4 101.05648
523.5 100.9426
523.6 100.82872
523.7 100.71484
523.8 100.60096
523.9 100.48708
524 100.3732
524.1 100.25932
524.2 100.14544
524.3 100.03156
524.4 99.91768
524.5 99.8038
524.6 99.68992
524.7 99.57604
524.8 99.46216
524.9 99.34828
525 99.2344
525.1 99.12052
525.2 99.00664
525.3 98.89276
525.4 98.77888
525.5 98.665
525.6 98.55112
525.7 98.43724
525.8 98.32336
525.9 98.20948
526 98.0956
526.1 97.98027
526.2 97.86494
526.3 97.74961
526.4 97.63428
526.5 97.51895
526.6 97.40362
526.7 97.28829
526.8 97.17296
526.9 97.05763
527 96.9423
527.1 96.82568
527.2 96.70906
527.3 96.59244
527.4 96.47582
527.5 96.3592
527.6 96.24258
527.7 96.12596
527.8 96.00934
527.9 95.89272
528 95.7761
528.1 95.65884
528.2 95.54158
528.3 95.42432
528.4 95.30706
528.5 95.1898
528.6 95.07254
528.7 94.95528
528.8 94.83802
528.9 94.72076
529 94.6035
529.1 94.47962
529.2 94.35574
529.3 94.23186
529.4 94.10798
529.5 93.9841
529.6 93.86022
529.7 93.73634
529.8 93.61246
529.9 93.48858
530 93.3647
530.1 93.23622
530.2 93.10774
530.3 92.97926
530.4 92.85078
530.5 92.7223
530.6 92.59382
530.7 92.46534
530.8 92.33686
530.9 92.20838
531 92.0799
531.1 91.9437
531.2 91.8075
531.3 91.6713
531.4 91.5351
531.5 91.3989
531.6 91.2627
531.7 91.1265
531.8 90.9903
531.9 90.8541
532 90.7179
532.1 90.5839
532.2 90.4499
532.3 90.3159
532.4 90.1819
532.5 90.0479
532.6 89.9139
532.7 89.7799
532.8 89.6459
532.9 89.5119
533 89.3779
533.1 89.32608
533.2 89.27426
533.3 89.22244
533.4 89.17062
533.5 89.1188
533.6 89.06698
533.7 89.01516
533.8 88.96334
533.9 88.91152
534 88.8597
534.1 88.96037
534.2 89.06104
534.3 89.16171
534.4 89.26238
534.5 89.36305
534.6 89.46372
534.7 89.56439
534.8 89.66506
534.9 89.76573
535 89.8664
535.1 90.00265
535.2 90.1389
535.3 90.27515
535.4 90.4114
535.5 90.54765
535.6 90.6839
535.7 90.82015
535.8 90.9564
535.9 91.09265
536 91.2289
536.1 91.35997
536.2 91.49104
536.3 91.62211
536.4 91.75318
536.5 91.88425
536.6 92.01532
536.7 92.14639
536.8 92.27746
536.9 92.40853
537 92.5396
537.1 92.6621
537.2 92.7846
537.3 92.9071
537.4 93.0296
537.5 93.1521
537.6 93.2746
537.7 93.3971
537.8 93.5196
537.9 93.6421
538 93.7646
538.1 93.8801
538.2 93.9956
538.3 94.1111
538.4 94.2266
538.5 94.3421
538.6 94.4576
538.7 94.5731
538.8 94.6886
538.9 94.8041
539 94.9196
539.1 95.03224
539.2 95.14488
539.3 95.25752
539.4 95.37016
539.5 95.4828
539.6 95.59544
539.7 95.70808
539.8 95.82072
539.9 95.93336
540 96.046
540.1 96.15542
540.2 96.26484
540.3 96.37426
540.4 96.48368
540.5 96.5931
540.6 96.70252
540.7 96.81194
540.8 96.92136
540.9 97.03078
541 97.1402
541.1 97.24602
541.2 97.35184
541.3 97.45766
541.4 97.56348
541.5 97.6693
541.6 97.77512
541.7 97.88094
541.8 97.98676
541.9 98.09258
542 98.1984
542.1 98.30422
542.2 98.41004
542.3 98.51586
542.4 98.62168
542.5 98.7275
542.6 98.83332
542.7 98.93914
542.8 99.04496
542.9 99.15078
543 99.2566
543.1 99.36129
543.2 99.46598
543.3 99.57067
543.4 99.67536
543.5 99.78005
543.6 99.88474
543.7 99.98943
543.8 100.09412
543.9 100.19881
544 100.3035
544.1 100.39949
544.2 100.49548
544.3 100.59147
544.4 100.68746
544.5 100.78345
544.6 100.87944
544.7 100.97543
544.8 101.07142
544.9 101.16741
545 101.2634
545.1 101.35939
545.2 101.45538
545.3 101.55137
545.4 101.64736
545.5 101.74335
545.6 101.83934
545.7 101.93533
545.8 102.03132
545.9 102.12731
546 102.2233
546.1 102.31929
546.2 102.41528
546.3 102.51127
546.4 102.60726
546.5 102.70325
546.6 102.79924
546.7 102.89523
546.8 102.99122
546.9 103.08721
547 103.1832
547.1 103.27918
547.2 103.37516
547.3 103.47114
547.4 103.56712
547.5 103.6631
547.6 103.75908
547.7 103.85506
547.8 103.95104
547.9 104.04702
548 104.143
548.1 104.23763
548.2 104.33226
548.3 104.42689
548.4 104.52152
548.5 104.61615
548.6 104.71078
548.7 104.80541
548.8 104.90004
548.9 104.99467
549 105.0893
549.1 105.16842
549.2 105.24754
549.3 105.32666
549.4 105.40578
549.5 105.4849
549.6 105.56402
549.7 105.64314
549.8 105.72226
549.9 105.80138
550 105.8805
550.1 105.95962
550.2 106.03874
550.3 106.11786
550.4 106.19698
550.5 106.2761
550.6 106.35522
550.7 106.43434
550.8 106.51346
550.9 106.59258
551 106.6717
551.1 106.74543
551.2 106.81916
551.3 106.89289
551.4 106.96662
551.5 107.04035
551.6 107.11408
551.7 107.18781
551.8 107.26154
551.9 107.33527
552 107.409
552.1 107.4749
552.2 107.5408
552.3 107.6067
552.4 107.6726
552.5 107.7385
552.6 107.8044
552.7 107.8703
552.8 107.9362
552.9 108.0021
553 108.068
553.1 108.12812
553.2 108.18824
553.3 108.24836
553.4 108.30848
553.5 108.3686
553.6 108.42872
553.7 108.48884
553.8 108.54896
553.9 108.60908
554 108.6692
554.1 108.7231
554.2 108.777
554.3 108.8309
554.4 108.8848
554.5 108.9387
554.6 108.9926
554.7 109.0465
554.8 109.1004
554.9 109.1543
555 109.2082
555.1 109.25539
555.2 109.30258
555.3 109.34977
555.4 109.39696
555.5 109.44415
555.6 109.49134
555.7 109.53853
555.8 109.58572
555.9 109.63291
556 109.6801
556.1 109.74083
556.2 109.80156
556.3 109.86229
556.4 109.92302
556.5 109.98375
556.6 110.04448
556.7 110.10521
556.8 110.16594
556.9 110.22667
557 110.2874
557.1 110.29912
557.2 110.31084
557.3 110.32256
557.4 110.33428
557.5 110.346
557.6 110.35772
557.7 110.36944
557.8 110.38116
557.9 110.39288
558 110.4046
558.1 110.41961
558.2 110.43462
558.3 110.44963
558.4 110.46464
558.5 110.47965
558.6 110.49466
558.7 110.50967
558.8 110.52468
558.9 110.53969
559 110.5547
559.1 110.56806
559.2 110.58142
559.3 110.59478
559.4 110.60814
559.5 110.6215
559.6 110.63486
559.7 110.64822
559.8 110.66158
559.9 110.67494
560 110.6883
560.1 110.70166
560.2 110.71502
560.3 110.72838
560.4 110.74174
560.5 110.7551
560.6 110.76846
560.7 110.78182
560.8 110.79518
560.9 110.80854
561 110.8219
561.1 110.83526
561.2 110.84862
561.3 110.86198
561.4 110.87534
561.5 110.8887
561.6 110.90206
561.7 110.91542
561.8 110.92878
561.9 110.94214
562 110.9555
562.1 110.96635
562.2 110.9772
562.3 110.98805
562.4 110.9989
562.5 111.00975
562.6 111.0206
562.7 111.03145
562.8 111.0423
562.9 111.05315
563 111.064
563.1 111.04718
563.2 111.03036
563.3 111.01354
563.4 110.99672
563.5 110.9799
563.6 110.96308
563.7 110.94626
563.8 110.92944
563.9 110.91262
564 110.8958
564.1 110.87898
564.2 110.86216
564.3 110.84534
564.4 110.82852
564.5 110.8117
564.6 110.79488
564.7 110.77806
564.8 110.76124
564.9 110.74442
565 110.7276
565.1 110.71078
565.2 110.69396
565.3 110.67714
565.4 110.66032
565.5 110.6435
565.6 110.62668
565.7 110.60986
565.8 110.59304
565.9 110.57622
566 110.5594
566.1 110.51658
566.2 110.47376
566.3 110.43094
566.4 110.38812
566.5 110.3453
566.6 110.30248
566.7 110.25966
566.8 110.21684
566.9 110.17402
567 110.1312
567.1 110.08515
567.2 110.0391
567.3 109.99305
567.4 109.947
567.5 109.90095
567.6 109.8549
567.7 109.80885
567.8 109.7628
567.9 109.71675
568 109.6707
568.1 109.60378
568.2 109.53686
568.3 109.46994
568.4 109.40302
568.5 109.3361
568.6 109.26918
568.7 109.20226
568.8 109.13534
568.9 109.06842
569 109.0015
569.1 108.92119
569.2 108.84088
569.3 108.76057
569.4 108.68026
569.5 108.59995
569.6 108.51964
569.7 108.43933
569.8 108.35902
569.9 108.27871
570 108.1984
570.1 108.10232
570.2 108.00624
570.3 107.91016
570.4 107.81408
570.5 107.718
570.6 107.62192
570.7 107.52584
570.8 107.42976
570.9 107.33368
571 107.2376
571.1 107.15074
571.2 107.06388
571.3 106.97702
571.4 106.89016
571.5 106.8033
571.6 106.71644
571.7 106.62958
571.8 106.54272
571.9 106.45586
572 106.369
572.1 106.3729
572.2 106.3768
572.3 106.3807
572.4 106.3846
572.5 106.3885
572.6 106.3924
572.7 106.3963
572.8 106.4002
572.9 106.4041
573 106.408
573.1 106.50577
573.2 106.60354
573.3 106.70131
573.4 106.79908
573.5 106.89685
573.6 106.99462
573.7 107.09239
573.8 107.19016
573.9 107.28793
574 107.3857
574.1 107.49926
574.2 107.61282
574.3 107.72638
574.4 107.83994
574.5 107.9535
574.6 108.06706
574.7 108.18062
574.8 108.29418
574.9 108.40774
575 108.5213
575.1 108.63684
575.2 108.75238
575.3 108.86792
575.4 108.98346
575.5 109.099
575.6 109.21454
575.7 109.33008
575.8 109.44562
575.9 109.56116
576 109.6767
576.1 109.75441
576.2 109.83212
576.3 109.90983
576.4 109.98754
576.5 110.06525
576.6 110.14296
576.7 110.22067
576.8 110.29838
576.9 110.37609
577 110.4538
577.1 110.53055
577.2 110.6073
577.3 110.68405
577.4 110.7608
577.5 110.83755
577.6 110.9143
577.7 110.99105
577.8 111.0678
577.9 111.14455
578 111.2213
578.1 111.28923
578.2 111.35716
578.3 111.42509
578.4 111.49302
578.5 111.56095
578.6 111.62888
578.7 111.69681
578.8 111.76474
578.9 111.83267
579 111.9006
579.1 111.9597
579.2 112.0188
579.3 112.0779
579.4 112.137
579.5 112.1961
579.6 112.2552
579.7 112.3143
579.8 112.3734
579.9 112.4325
580 112.4916
580.1 112.54525
580.2 112.5989
580.3 112.65255
580.4 112.7062
580.5 112.75985
580.6 112.8135
580.7 112.86715
580.8 112.9208
580.9 112.97445
581 113.0281
581.1 113.07689
581.2 113.12568
581.3 113.17447
581.4 113.22326
581.5 113.27205
581.6 113.32084
581.7 113.36963
581.8 113.41842
581.9 113.46721
582 113.516
582.1 113.56124
582.2 113.60648
582.3 113.65172
582.4 113.69696
582.5 113.7422
582.6 113.78744
582.7 113.83268
582.8 113.87792
582.9 113.92316
583 113.9684
583.1 114.00743
583.2 114.04646
583.3 114.08549
583.4 114.12452
583.5 114.16355
583.6 114.20258
583.7 114.24161
583.8 114.28064
583.9 114.31967
584 114.3587
584.1 114.39774
584.2 114.43678
584.3 114.47582
584.4 114.51486
584.5 114.5539
584.6 114.59294
584.7 114.63198
584.8 114.67102
584.9 114.71006
585 114.7491
585.1 114.78649
585.2 114.82388
585.3 114.86127
585.4 114.89866
585.5 114.93605
585.6 114.97344
585.7 115.01083
585.8 115.04822
585.9 115.08561
586 115.123
586.1 115.15292
586.2 115.18284
586.3 115.21276
586.4 115.24268
586.5 115.2726
586.6 115.30252
586.7 115.33244
586.8 115.36236
586.9 115.39228
587 115.4222
587.1 115.45213
587.2 115.48206
587.3 115.51199
587.4 115.54192
587.5 115.57185
587.6 115.60178
587.7 115.63171
587.8 115.66164
587.9 115.69157
588 115.7215
588.1 115.75143
588.2 115.78136
588.3 115.81129
588.4 115.84122
588.5 115.87115
588.6 115.90108
588.7 115.93101
588.8 115.96094
588.9 115.99087
589 116.0208
589.1 116.05072
589.2 116.08064
589.3 116.11056
589.4 116.14048
589.5 116.1704
589.6 116.20032
589.7 116.23024
589.8 116.26016
589.9 116.29008
590 116.32
590.1 116.34657
590.2 116.37314
590.3 116.39971
590.4 116.42628
590.5 116.45285
590.6 116.47942
590.7 116.50599
590.8 116.53256
590.9 116.55913
591 116.5857
591.1 116.60734
591.2 116.62898
591.3 116.65062
591.4 116.67226
591.5 116.6939
591.6 116.71554
591.7 116.73718
591.8 116.75882
591.9 116.78046
592 116.8021
592.1 116.82373
592.2 116.84536
592.3 116.86699
592.4 116.88862
592.5 116.91025
592.6 116.93188
592.7 116.95351
592.8 116.97514
592.9 116.99677
593 117.0184
593.1 117.04004
593.2 117.06168
593.3 117.08332
593.4 117.10496
593.5 117.1266
593.6 117.14824
593.7 117.16988
593.8 117.19152
593.9 117.21316
594 117.2348
594.1 117.25643
594.2 117.27806
594.3 117.29969
594.4 117.32132
594.5 117.34295
594.6 117.36458
594.7 117.38621
594.8 117.40784
594.9 117.42947
595 117.4511
595.1 117.47274
595.2 117.49438
595.3 117.51602
595.4 117.53766
595.5 117.5593
595.6 117.58094
595.7 117.60258
595.8 117.62422
595.9 117.64586
596 117.6675
596.1 117.68913
596.2 117.71076
596.3 117.73239
596.4 117.75402
596.5 117.77565
596.6 117.79728
596.7 117.81891
596.8 117.84054
596.9 117.86217
597 117.8838
597.1 117.9037
597.2 117.9236
597.3 117.9435
597.4 117.9634
597.5 117.9833
597.6 118.0032
597.7 118.0231
597.8 118.043
597.9 118.0629
598 118.0828
598.1 118.09723
598.2 118.11166
598.3 118.12609
598.4 118.14052
598.5 118.15495
598.6 118.16938
598.7 118.18381
598.8 118.19824
598.9 118.21267
599 118.2271
599.1 118.24152
599.2 118.25594
599.3 118.27036
599.4 118.28478
599.5 118.2992
599.6 118.31362
599.7 118.32804
599.8 118.34246
599.9 118.35688
600 118.3713